      15      15      15
       5
       1     148       1
       1       1
       2     226
       3     451
       4     676
       5      16
       6     241
       7     466
       8     691
       9      31
      10     256
      11     481
      12     706
      13      46
      14     271
      15     496
      16     721
      17      61
      18     286
      19     511
      20     736
      21     961
      22    1186
      23    1411
      24      76
      25     301
      26     526
      27     751
      28     976
      29    1201
      30    1426
      31      91
      32     316
      33     541
      34     766
      35     991
      36    1216
      37    1441
      38       2
      39     227
      40     452
      41     677
      42      17
      43     242
      44     467
      45     692
      46      32
      47     257
      48     482
      49     707
      50      47
      51     272
      52     497
      53     722
      54      62
      55     287
      56     512
      57     737
      58     962
      59    1187
      60    1412
      61      77
      62     302
      63     527
      64     752
      65     977
      66    1202
      67    1427
      68      92
      69     317
      70     542
      71     767
      72     992
      73    1217
      74    1442
      75       3
      76     228
      77     453
      78     678
      79      18
      80     243
      81     468
      82     693
      83      33
      84     258
      85     483
      86     708
      87      48
      88     273
      89     498
      90     723
      91      63
      92     288
      93     513
      94     738
      95     963
      96    1188
      97    1413
      98      78
      99     303
     100     528
     101     753
     102     978
     103    1203
     104    1428
     105      93
     106     318
     107     543
     108     768
     109     993
     110    1218
     111    1443
     112       4
     113     229
     114     454
     115     679
     116      19
     117     244
     118     469
     119     694
     120      34
     121     259
     122     484
     123     709
     124      49
     125     274
     126     499
     127     724
     128      64
     129     289
     130     514
     131     739
     132     964
     133    1189
     134    1414
     135      79
     136     304
     137     529
     138     754
     139     979
     140    1204
     141    1429
     142      94
     143     319
     144     544
     145     769
     146     994
     147    1219
     148    1444
       2     587     149
       1     901
       2    1126
       3    1351
       4     916
       5    1141
       6    1366
       7     931
       8    1156
       9    1381
      10     946
      11    1171
      12    1396
      13     902
      14    1127
      15    1352
      16     917
      17    1142
      18    1367
      19     932
      20    1157
      21    1382
      22     947
      23    1172
      24    1397
      25     903
      26    1128
      27    1353
      28     918
      29    1143
      30    1368
      31     933
      32    1158
      33    1383
      34     948
      35    1173
      36    1398
      37     904
      38    1129
      39    1354
      40     919
      41    1144
      42    1369
      43     934
      44    1159
      45    1384
      46     949
      47    1174
      48    1399
      49       5
      50     230
      51     455
      52     680
      53     905
      54    1130
      55    1355
      56      20
      57     245
      58     470
      59     695
      60     920
      61    1145
      62    1370
      63      35
      64     260
      65     485
      66     710
      67     935
      68    1160
      69    1385
      70      50
      71     275
      72     500
      73     725
      74     950
      75    1175
      76    1400
      77      65
      78     290
      79     515
      80     740
      81     965
      82    1190
      83    1415
      84      80
      85     305
      86     530
      87     755
      88     980
      89    1205
      90    1430
      91      95
      92     320
      93     545
      94     770
      95     995
      96    1220
      97    1445
      98       6
      99     231
     100     456
     101     681
     102     906
     103    1131
     104    1356
     105      21
     106     246
     107     471
     108     696
     109     921
     110    1146
     111    1371
     112      36
     113     261
     114     486
     115     711
     116     936
     117    1161
     118    1386
     119      51
     120     276
     121     501
     122     726
     123     951
     124    1176
     125    1401
     126      66
     127     291
     128     516
     129     741
     130     966
     131    1191
     132    1416
     133      81
     134     306
     135     531
     136     756
     137     981
     138    1206
     139    1431
     140      96
     141     321
     142     546
     143     771
     144     996
     145    1221
     146    1446
     147       7
     148     232
     149     457
     150     682
     151     907
     152    1132
     153    1357
     154      22
     155     247
     156     472
     157     697
     158     922
     159    1147
     160    1372
     161      37
     162     262
     163     487
     164     712
     165     937
     166    1162
     167    1387
     168      52
     169     277
     170     502
     171     727
     172     952
     173    1177
     174    1402
     175      67
     176     292
     177     517
     178     742
     179     967
     180    1192
     181    1417
     182      82
     183     307
     184     532
     185     757
     186     982
     187    1207
     188    1432
     189      97
     190     322
     191     547
     192     772
     193     997
     194    1222
     195    1447
     196       8
     197     233
     198     458
     199     683
     200     908
     201    1133
     202    1358
     203      23
     204     248
     205     473
     206     698
     207     923
     208    1148
     209    1373
     210      38
     211     263
     212     488
     213     713
     214     938
     215    1163
     216    1388
     217      53
     218     278
     219     503
     220     728
     221     953
     222    1178
     223    1403
     224      68
     225     293
     226     518
     227     743
     228     968
     229    1193
     230    1418
     231      83
     232     308
     233     533
     234     758
     235     983
     236    1208
     237    1433
     238      98
     239     323
     240     548
     241     773
     242     998
     243    1223
     244    1448
     245       9
     246     234
     247     459
     248     684
     249     909
     250    1134
     251    1359
     252      24
     253     249
     254     474
     255     699
     256     924
     257    1149
     258    1374
     259      39
     260     264
     261     489
     262     714
     263     939
     264    1164
     265    1389
     266      54
     267     279
     268     504
     269     729
     270     954
     271    1179
     272    1404
     273      69
     274     294
     275     519
     276     744
     277     969
     278    1194
     279    1419
     280      84
     281     309
     282     534
     283     759
     284     984
     285    1209
     286    1434
     287      99
     288     324
     289     549
     290     774
     291     999
     292    1224
     293    1449
     294      10
     295     235
     296     460
     297     685
     298     910
     299    1135
     300    1360
     301      25
     302     250
     303     475
     304     700
     305     925
     306    1150
     307    1375
     308      40
     309     265
     310     490
     311     715
     312     940
     313    1165
     314    1390
     315      55
     316     280
     317     505
     318     730
     319     955
     320    1180
     321    1405
     322      70
     323     295
     324     520
     325     745
     326     970
     327    1195
     328    1420
     329      85
     330     310
     331     535
     332     760
     333     985
     334    1210
     335    1435
     336     100
     337     325
     338     550
     339     775
     340    1000
     341    1225
     342    1450
     343      11
     344     236
     345     461
     346     686
     347     911
     348    1136
     349    1361
     350      26
     351     251
     352     476
     353     701
     354     926
     355    1151
     356    1376
     357      41
     358     266
     359     491
     360     716
     361     941
     362    1166
     363    1391
     364      56
     365     281
     366     506
     367     731
     368     956
     369    1181
     370    1406
     371      71
     372     296
     373     521
     374     746
     375     971
     376    1196
     377    1421
     378      86
     379     311
     380     536
     381     761
     382     986
     383    1211
     384    1436
     385     101
     386     326
     387     551
     388     776
     389    1001
     390    1226
     391    1451
     392      12
     393     237
     394     462
     395     687
     396     912
     397    1137
     398    1362
     399      27
     400     252
     401     477
     402     702
     403     927
     404    1152
     405    1377
     406      42
     407     267
     408     492
     409     717
     410     942
     411    1167
     412    1392
     413      57
     414     282
     415     507
     416     732
     417     957
     418    1182
     419    1407
     420      72
     421     297
     422     522
     423     747
     424     972
     425    1197
     426    1422
     427      87
     428     312
     429     537
     430     762
     431     987
     432    1212
     433    1437
     434     102
     435     327
     436     552
     437     777
     438    1002
     439    1227
     440    1452
     441      13
     442     238
     443     463
     444     688
     445     913
     446    1138
     447    1363
     448      28
     449     253
     450     478
     451     703
     452     928
     453    1153
     454    1378
     455      43
     456     268
     457     493
     458     718
     459     943
     460    1168
     461    1393
     462      58
     463     283
     464     508
     465     733
     466     958
     467    1183
     468    1408
     469      73
     470     298
     471     523
     472     748
     473     973
     474    1198
     475    1423
     476      88
     477     313
     478     538
     479     763
     480     988
     481    1213
     482    1438
     483     103
     484     328
     485     553
     486     778
     487    1003
     488    1228
     489    1453
     490      14
     491     239
     492     464
     493     689
     494     914
     495    1139
     496    1364
     497      29
     498     254
     499     479
     500     704
     501     929
     502    1154
     503    1379
     504      44
     505     269
     506     494
     507     719
     508     944
     509    1169
     510    1394
     511      59
     512     284
     513     509
     514     734
     515     959
     516    1184
     517    1409
     518      74
     519     299
     520     524
     521     749
     522     974
     523    1199
     524    1424
     525      89
     526     314
     527     539
     528     764
     529     989
     530    1214
     531    1439
     532     104
     533     329
     534     554
     535     779
     536    1004
     537    1229
     538    1454
     539      15
     540     240
     541     465
     542     690
     543     915
     544    1140
     545    1365
     546      30
     547     255
     548     480
     549     705
     550     930
     551    1155
     552    1380
     553      45
     554     270
     555     495
     556     720
     557     945
     558    1170
     559    1395
     560      60
     561     285
     562     510
     563     735
     564     960
     565    1185
     566    1410
     567      75
     568     300
     569     525
     570     750
     571     975
     572    1200
     573    1425
     574      90
     575     315
     576     540
     577     765
     578     990
     579    1215
     580    1440
     581     105
     582     330
     583     555
     584     780
     585    1005
     586    1230
     587    1455
       3     952     736
       1     106
       2     331
       3     556
       4     781
       5    1006
       6    1231
       7    1456
       8     121
       9     346
      10     571
      11     796
      12    1021
      13    1246
      14    1471
      15     136
      16     361
      17     586
      18     811
      19    1036
      20    1261
      21    1486
      22     151
      23     376
      24     601
      25     826
      26    1051
      27    1276
      28    1501
      29     166
      30     391
      31     616
      32     841
      33    1066
      34    1291
      35    1516
      36    1741
      37    1966
      38    2191
      39    2416
      40     181
      41     406
      42     631
      43     856
      44    1081
      45    1306
      46    1531
      47    1756
      48    1981
      49    2206
      50    2431
      51     196
      52     421
      53     646
      54     871
      55    1096
      56    1321
      57    1546
      58    1771
      59    1996
      60    2221
      61    2446
      62     211
      63     436
      64     661
      65     886
      66    1111
      67    1336
      68    1561
      69    1786
      70    2011
      71    2236
      72    2461
      73     107
      74     332
      75     557
      76     782
      77    1007
      78    1232
      79    1457
      80     122
      81     347
      82     572
      83     797
      84    1022
      85    1247
      86    1472
      87     137
      88     362
      89     587
      90     812
      91    1037
      92    1262
      93    1487
      94     152
      95     377
      96     602
      97     827
      98    1052
      99    1277
     100    1502
     101     167
     102     392
     103     617
     104     842
     105    1067
     106    1292
     107    1517
     108    1742
     109    1967
     110    2192
     111    2417
     112     182
     113     407
     114     632
     115     857
     116    1082
     117    1307
     118    1532
     119    1757
     120    1982
     121    2207
     122    2432
     123     197
     124     422
     125     647
     126     872
     127    1097
     128    1322
     129    1547
     130    1772
     131    1997
     132    2222
     133    2447
     134     212
     135     437
     136     662
     137     887
     138    1112
     139    1337
     140    1562
     141    1787
     142    2012
     143    2237
     144    2462
     145     108
     146     333
     147     558
     148     783
     149    1008
     150    1233
     151    1458
     152     123
     153     348
     154     573
     155     798
     156    1023
     157    1248
     158    1473
     159     138
     160     363
     161     588
     162     813
     163    1038
     164    1263
     165    1488
     166     153
     167     378
     168     603
     169     828
     170    1053
     171    1278
     172    1503
     173     168
     174     393
     175     618
     176     843
     177    1068
     178    1293
     179    1518
     180    1743
     181    1968
     182    2193
     183    2418
     184     183
     185     408
     186     633
     187     858
     188    1083
     189    1308
     190    1533
     191    1758
     192    1983
     193    2208
     194    2433
     195     198
     196     423
     197     648
     198     873
     199    1098
     200    1323
     201    1548
     202    1773
     203    1998
     204    2223
     205    2448
     206     213
     207     438
     208     663
     209     888
     210    1113
     211    1338
     212    1563
     213    1788
     214    2013
     215    2238
     216    2463
     217     109
     218     334
     219     559
     220     784
     221    1009
     222    1234
     223    1459
     224     124
     225     349
     226     574
     227     799
     228    1024
     229    1249
     230    1474
     231     139
     232     364
     233     589
     234     814
     235    1039
     236    1264
     237    1489
     238     154
     239     379
     240     604
     241     829
     242    1054
     243    1279
     244    1504
     245     169
     246     394
     247     619
     248     844
     249    1069
     250    1294
     251    1519
     252    1744
     253    1969
     254    2194
     255    2419
     256     184
     257     409
     258     634
     259     859
     260    1084
     261    1309
     262    1534
     263    1759
     264    1984
     265    2209
     266    2434
     267     199
     268     424
     269     649
     270     874
     271    1099
     272    1324
     273    1549
     274    1774
     275    1999
     276    2224
     277    2449
     278     214
     279     439
     280     664
     281     889
     282    1114
     283    1339
     284    1564
     285    1789
     286    2014
     287    2239
     288    2464
     289     110
     290     335
     291     560
     292     785
     293    1010
     294    1235
     295    1460
     296     125
     297     350
     298     575
     299     800
     300    1025
     301    1250
     302    1475
     303     140
     304     365
     305     590
     306     815
     307    1040
     308    1265
     309    1490
     310     155
     311     380
     312     605
     313     830
     314    1055
     315    1280
     316    1505
     317     170
     318     395
     319     620
     320     845
     321    1070
     322    1295
     323    1520
     324    1745
     325    1970
     326    2195
     327    2420
     328     185
     329     410
     330     635
     331     860
     332    1085
     333    1310
     334    1535
     335    1760
     336    1985
     337    2210
     338    2435
     339     200
     340     425
     341     650
     342     875
     343    1100
     344    1325
     345    1550
     346    1775
     347    2000
     348    2225
     349    2450
     350     215
     351     440
     352     665
     353     890
     354    1115
     355    1340
     356    1565
     357    1790
     358    2015
     359    2240
     360    2465
     361     111
     362     336
     363     561
     364     786
     365    1011
     366    1236
     367    1461
     368     126
     369     351
     370     576
     371     801
     372    1026
     373    1251
     374    1476
     375     141
     376     366
     377     591
     378     816
     379    1041
     380    1266
     381    1491
     382     156
     383     381
     384     606
     385     831
     386    1056
     387    1281
     388    1506
     389     171
     390     396
     391     621
     392     846
     393    1071
     394    1296
     395    1521
     396    1746
     397    1971
     398    2196
     399    2421
     400     186
     401     411
     402     636
     403     861
     404    1086
     405    1311
     406    1536
     407    1761
     408    1986
     409    2211
     410    2436
     411     201
     412     426
     413     651
     414     876
     415    1101
     416    1326
     417    1551
     418    1776
     419    2001
     420    2226
     421    2451
     422     216
     423     441
     424     666
     425     891
     426    1116
     427    1341
     428    1566
     429    1791
     430    2016
     431    2241
     432    2466
     433     112
     434     337
     435     562
     436     787
     437    1012
     438    1237
     439    1462
     440     127
     441     352
     442     577
     443     802
     444    1027
     445    1252
     446    1477
     447     142
     448     367
     449     592
     450     817
     451    1042
     452    1267
     453    1492
     454     157
     455     382
     456     607
     457     832
     458    1057
     459    1282
     460    1507
     461     172
     462     397
     463     622
     464     847
     465    1072
     466    1297
     467    1522
     468    1747
     469    1972
     470    2197
     471    2422
     472     187
     473     412
     474     637
     475     862
     476    1087
     477    1312
     478    1537
     479    1762
     480    1987
     481    2212
     482    2437
     483     202
     484     427
     485     652
     486     877
     487    1102
     488    1327
     489    1552
     490    1777
     491    2002
     492    2227
     493    2452
     494     217
     495     442
     496     667
     497     892
     498    1117
     499    1342
     500    1567
     501    1792
     502    2017
     503    2242
     504    2467
     505     113
     506     338
     507     563
     508     788
     509    1013
     510    1238
     511    1463
     512     128
     513     353
     514     578
     515     803
     516    1028
     517    1253
     518    1478
     519     143
     520     368
     521     593
     522     818
     523    1043
     524    1268
     525    1493
     526     158
     527     383
     528     608
     529     833
     530    1058
     531    1283
     532    1508
     533     173
     534     398
     535     623
     536     848
     537    1073
     538    1298
     539    1523
     540     188
     541     413
     542     638
     543     863
     544    1088
     545    1313
     546    1538
     547     203
     548     428
     549     653
     550     878
     551    1103
     552    1328
     553    1553
     554     218
     555     443
     556     668
     557     893
     558    1118
     559    1343
     560    1568
     561     114
     562     339
     563     564
     564     789
     565    1014
     566    1239
     567    1464
     568     129
     569     354
     570     579
     571     804
     572    1029
     573    1254
     574    1479
     575     144
     576     369
     577     594
     578     819
     579    1044
     580    1269
     581    1494
     582     159
     583     384
     584     609
     585     834
     586    1059
     587    1284
     588    1509
     589     174
     590     399
     591     624
     592     849
     593    1074
     594    1299
     595    1524
     596     189
     597     414
     598     639
     599     864
     600    1089
     601    1314
     602    1539
     603     204
     604     429
     605     654
     606     879
     607    1104
     608    1329
     609    1554
     610     219
     611     444
     612     669
     613     894
     614    1119
     615    1344
     616    1569
     617     115
     618     340
     619     565
     620     790
     621    1015
     622    1240
     623    1465
     624     130
     625     355
     626     580
     627     805
     628    1030
     629    1255
     630    1480
     631     145
     632     370
     633     595
     634     820
     635    1045
     636    1270
     637    1495
     638     160
     639     385
     640     610
     641     835
     642    1060
     643    1285
     644    1510
     645     175
     646     400
     647     625
     648     850
     649    1075
     650    1300
     651    1525
     652     190
     653     415
     654     640
     655     865
     656    1090
     657    1315
     658    1540
     659     205
     660     430
     661     655
     662     880
     663    1105
     664    1330
     665    1555
     666     220
     667     445
     668     670
     669     895
     670    1120
     671    1345
     672    1570
     673     116
     674     341
     675     566
     676     791
     677    1016
     678    1241
     679    1466
     680     131
     681     356
     682     581
     683     806
     684    1031
     685    1256
     686    1481
     687     146
     688     371
     689     596
     690     821
     691    1046
     692    1271
     693    1496
     694     161
     695     386
     696     611
     697     836
     698    1061
     699    1286
     700    1511
     701     176
     702     401
     703     626
     704     851
     705    1076
     706    1301
     707    1526
     708     191
     709     416
     710     641
     711     866
     712    1091
     713    1316
     714    1541
     715     206
     716     431
     717     656
     718     881
     719    1106
     720    1331
     721    1556
     722     221
     723     446
     724     671
     725     896
     726    1121
     727    1346
     728    1571
     729     117
     730     342
     731     567
     732     792
     733    1017
     734    1242
     735    1467
     736     132
     737     357
     738     582
     739     807
     740    1032
     741    1257
     742    1482
     743     147
     744     372
     745     597
     746     822
     747    1047
     748    1272
     749    1497
     750     162
     751     387
     752     612
     753     837
     754    1062
     755    1287
     756    1512
     757     177
     758     402
     759     627
     760     852
     761    1077
     762    1302
     763    1527
     764     192
     765     417
     766     642
     767     867
     768    1092
     769    1317
     770    1542
     771     207
     772     432
     773     657
     774     882
     775    1107
     776    1332
     777    1557
     778     222
     779     447
     780     672
     781     897
     782    1122
     783    1347
     784    1572
     785     118
     786     343
     787     568
     788     793
     789    1018
     790    1243
     791    1468
     792     133
     793     358
     794     583
     795     808
     796    1033
     797    1258
     798    1483
     799     148
     800     373
     801     598
     802     823
     803    1048
     804    1273
     805    1498
     806     163
     807     388
     808     613
     809     838
     810    1063
     811    1288
     812    1513
     813     178
     814     403
     815     628
     816     853
     817    1078
     818    1303
     819    1528
     820     193
     821     418
     822     643
     823     868
     824    1093
     825    1318
     826    1543
     827     208
     828     433
     829     658
     830     883
     831    1108
     832    1333
     833    1558
     834     223
     835     448
     836     673
     837     898
     838    1123
     839    1348
     840    1573
     841     119
     842     344
     843     569
     844     794
     845    1019
     846    1244
     847    1469
     848     134
     849     359
     850     584
     851     809
     852    1034
     853    1259
     854    1484
     855     149
     856     374
     857     599
     858     824
     859    1049
     860    1274
     861    1499
     862     164
     863     389
     864     614
     865     839
     866    1064
     867    1289
     868    1514
     869     179
     870     404
     871     629
     872     854
     873    1079
     874    1304
     875    1529
     876     194
     877     419
     878     644
     879     869
     880    1094
     881    1319
     882    1544
     883     209
     884     434
     885     659
     886     884
     887    1109
     888    1334
     889    1559
     890     224
     891     449
     892     674
     893     899
     894    1124
     895    1349
     896    1574
     897     120
     898     345
     899     570
     900     795
     901    1020
     902    1245
     903    1470
     904     135
     905     360
     906     585
     907     810
     908    1035
     909    1260
     910    1485
     911     150
     912     375
     913     600
     914     825
     915    1050
     916    1275
     917    1500
     918     165
     919     390
     920     615
     921     840
     922    1065
     923    1290
     924    1515
     925     180
     926     405
     927     630
     928     855
     929    1080
     930    1305
     931    1530
     932     195
     933     420
     934     645
     935     870
     936    1095
     937    1320
     938    1545
     939     210
     940     435
     941     660
     942     885
     943    1110
     944    1335
     945    1560
     946     225
     947     450
     948     675
     949     900
     950    1125
     951    1350
     952    1575
       4     992    1688
       1    1681
       2    1906
       3    2131
       4    2356
       5    2581
       6    2806
       7    3031
       8    3256
       9    1696
      10    1921
      11    2146
      12    2371
      13    2596
      14    2821
      15    3046
      16    3271
      17    1711
      18    1936
      19    2161
      20    2386
      21    2611
      22    2836
      23    3061
      24    3286
      25    1726
      26    1951
      27    2176
      28    2401
      29    2626
      30    2851
      31    3076
      32    3301
      33    2641
      34    2866
      35    3091
      36    3316
      37    2656
      38    2881
      39    3106
      40    3331
      41    2671
      42    2896
      43    3121
      44    3346
      45    2686
      46    2911
      47    3136
      48    3361
      49    1682
      50    1907
      51    2132
      52    2357
      53    2582
      54    2807
      55    3032
      56    3257
      57    1697
      58    1922
      59    2147
      60    2372
      61    2597
      62    2822
      63    3047
      64    3272
      65    1712
      66    1937
      67    2162
      68    2387
      69    2612
      70    2837
      71    3062
      72    3287
      73    1727
      74    1952
      75    2177
      76    2402
      77    2627
      78    2852
      79    3077
      80    3302
      81    2642
      82    2867
      83    3092
      84    3317
      85    2657
      86    2882
      87    3107
      88    3332
      89    2672
      90    2897
      91    3122
      92    3347
      93    2687
      94    2912
      95    3137
      96    3362
      97    1683
      98    1908
      99    2133
     100    2358
     101    2583
     102    2808
     103    3033
     104    3258
     105    1698
     106    1923
     107    2148
     108    2373
     109    2598
     110    2823
     111    3048
     112    3273
     113    1713
     114    1938
     115    2163
     116    2388
     117    2613
     118    2838
     119    3063
     120    3288
     121    1728
     122    1953
     123    2178
     124    2403
     125    2628
     126    2853
     127    3078
     128    3303
     129    2643
     130    2868
     131    3093
     132    3318
     133    2658
     134    2883
     135    3108
     136    3333
     137    2673
     138    2898
     139    3123
     140    3348
     141    2688
     142    2913
     143    3138
     144    3363
     145    1684
     146    1909
     147    2134
     148    2359
     149    2584
     150    2809
     151    3034
     152    3259
     153    1699
     154    1924
     155    2149
     156    2374
     157    2599
     158    2824
     159    3049
     160    3274
     161    1714
     162    1939
     163    2164
     164    2389
     165    2614
     166    2839
     167    3064
     168    3289
     169    1729
     170    1954
     171    2179
     172    2404
     173    2629
     174    2854
     175    3079
     176    3304
     177    2644
     178    2869
     179    3094
     180    3319
     181    2659
     182    2884
     183    3109
     184    3334
     185    2674
     186    2899
     187    3124
     188    3349
     189    2689
     190    2914
     191    3139
     192    3364
     193    1685
     194    1910
     195    2135
     196    2360
     197    2585
     198    2810
     199    3035
     200    3260
     201    1700
     202    1925
     203    2150
     204    2375
     205    2600
     206    2825
     207    3050
     208    3275
     209    1715
     210    1940
     211    2165
     212    2390
     213    2615
     214    2840
     215    3065
     216    3290
     217    1730
     218    1955
     219    2180
     220    2405
     221    2630
     222    2855
     223    3080
     224    3305
     225    2645
     226    2870
     227    3095
     228    3320
     229    2660
     230    2885
     231    3110
     232    3335
     233    2675
     234    2900
     235    3125
     236    3350
     237    2690
     238    2915
     239    3140
     240    3365
     241    1686
     242    1911
     243    2136
     244    2361
     245    2586
     246    2811
     247    3036
     248    3261
     249    1701
     250    1926
     251    2151
     252    2376
     253    2601
     254    2826
     255    3051
     256    3276
     257    1716
     258    1941
     259    2166
     260    2391
     261    2616
     262    2841
     263    3066
     264    3291
     265    1731
     266    1956
     267    2181
     268    2406
     269    2631
     270    2856
     271    3081
     272    3306
     273    2646
     274    2871
     275    3096
     276    3321
     277    2661
     278    2886
     279    3111
     280    3336
     281    2676
     282    2901
     283    3126
     284    3351
     285    2691
     286    2916
     287    3141
     288    3366
     289    1687
     290    1912
     291    2137
     292    2362
     293    2587
     294    2812
     295    3037
     296    3262
     297    1702
     298    1927
     299    2152
     300    2377
     301    2602
     302    2827
     303    3052
     304    3277
     305    1717
     306    1942
     307    2167
     308    2392
     309    2617
     310    2842
     311    3067
     312    3292
     313    1732
     314    1957
     315    2182
     316    2407
     317    2632
     318    2857
     319    3082
     320    3307
     321    2647
     322    2872
     323    3097
     324    3322
     325    2662
     326    2887
     327    3112
     328    3337
     329    2677
     330    2902
     331    3127
     332    3352
     333    2692
     334    2917
     335    3142
     336    3367
     337    1643
     338    1868
     339    2093
     340    2318
     341    2543
     342    2768
     343    2993
     344    3218
     345    1658
     346    1883
     347    2108
     348    2333
     349    2558
     350    2783
     351    3008
     352    3233
     353    1673
     354    1898
     355    2123
     356    2348
     357    2573
     358    2798
     359    3023
     360    3248
     361    1688
     362    1913
     363    2138
     364    2363
     365    2588
     366    2813
     367    3038
     368    3263
     369    1703
     370    1928
     371    2153
     372    2378
     373    2603
     374    2828
     375    3053
     376    3278
     377    1718
     378    1943
     379    2168
     380    2393
     381    2618
     382    2843
     383    3068
     384    3293
     385    1733
     386    1958
     387    2183
     388    2408
     389    2633
     390    2858
     391    3083
     392    3308
     393    1748
     394    1973
     395    2198
     396    2423
     397    2648
     398    2873
     399    3098
     400    3323
     401    1763
     402    1988
     403    2213
     404    2438
     405    2663
     406    2888
     407    3113
     408    3338
     409    1778
     410    2003
     411    2228
     412    2453
     413    2678
     414    2903
     415    3128
     416    3353
     417    1793
     418    2018
     419    2243
     420    2468
     421    2693
     422    2918
     423    3143
     424    3368
     425    1644
     426    1869
     427    2094
     428    2319
     429    2544
     430    2769
     431    2994
     432    3219
     433    1659
     434    1884
     435    2109
     436    2334
     437    2559
     438    2784
     439    3009
     440    3234
     441    1674
     442    1899
     443    2124
     444    2349
     445    2574
     446    2799
     447    3024
     448    3249
     449    1689
     450    1914
     451    2139
     452    2364
     453    2589
     454    2814
     455    3039
     456    3264
     457    1704
     458    1929
     459    2154
     460    2379
     461    2604
     462    2829
     463    3054
     464    3279
     465    1719
     466    1944
     467    2169
     468    2394
     469    2619
     470    2844
     471    3069
     472    3294
     473    1734
     474    1959
     475    2184
     476    2409
     477    2634
     478    2859
     479    3084
     480    3309
     481    1749
     482    1974
     483    2199
     484    2424
     485    2649
     486    2874
     487    3099
     488    3324
     489    1764
     490    1989
     491    2214
     492    2439
     493    2664
     494    2889
     495    3114
     496    3339
     497    1779
     498    2004
     499    2229
     500    2454
     501    2679
     502    2904
     503    3129
     504    3354
     505    1794
     506    2019
     507    2244
     508    2469
     509    2694
     510    2919
     511    3144
     512    3369
     513    1645
     514    1870
     515    2095
     516    2320
     517    2545
     518    2770
     519    2995
     520    3220
     521    1660
     522    1885
     523    2110
     524    2335
     525    2560
     526    2785
     527    3010
     528    3235
     529    1675
     530    1900
     531    2125
     532    2350
     533    2575
     534    2800
     535    3025
     536    3250
     537    1690
     538    1915
     539    2140
     540    2365
     541    2590
     542    2815
     543    3040
     544    3265
     545    1705
     546    1930
     547    2155
     548    2380
     549    2605
     550    2830
     551    3055
     552    3280
     553    1720
     554    1945
     555    2170
     556    2395
     557    2620
     558    2845
     559    3070
     560    3295
     561    1735
     562    1960
     563    2185
     564    2410
     565    2635
     566    2860
     567    3085
     568    3310
     569    1750
     570    1975
     571    2200
     572    2425
     573    2650
     574    2875
     575    3100
     576    3325
     577    1765
     578    1990
     579    2215
     580    2440
     581    2665
     582    2890
     583    3115
     584    3340
     585    1780
     586    2005
     587    2230
     588    2455
     589    2680
     590    2905
     591    3130
     592    3355
     593    1795
     594    2020
     595    2245
     596    2470
     597    2695
     598    2920
     599    3145
     600    3370
     601    1646
     602    1871
     603    2096
     604    2321
     605    2546
     606    2771
     607    2996
     608    3221
     609    1661
     610    1886
     611    2111
     612    2336
     613    2561
     614    2786
     615    3011
     616    3236
     617    1676
     618    1901
     619    2126
     620    2351
     621    2576
     622    2801
     623    3026
     624    3251
     625    1691
     626    1916
     627    2141
     628    2366
     629    2591
     630    2816
     631    3041
     632    3266
     633    1706
     634    1931
     635    2156
     636    2381
     637    2606
     638    2831
     639    3056
     640    3281
     641    1721
     642    1946
     643    2171
     644    2396
     645    2621
     646    2846
     647    3071
     648    3296
     649    1736
     650    1961
     651    2186
     652    2411
     653    2636
     654    2861
     655    3086
     656    3311
     657    1751
     658    1976
     659    2201
     660    2426
     661    2651
     662    2876
     663    3101
     664    3326
     665    1766
     666    1991
     667    2216
     668    2441
     669    2666
     670    2891
     671    3116
     672    3341
     673    1781
     674    2006
     675    2231
     676    2456
     677    2681
     678    2906
     679    3131
     680    3356
     681    1796
     682    2021
     683    2246
     684    2471
     685    2696
     686    2921
     687    3146
     688    3371
     689    1647
     690    1872
     691    2097
     692    2322
     693    1662
     694    1887
     695    2112
     696    2337
     697    1677
     698    1902
     699    2127
     700    2352
     701    1692
     702    1917
     703    2142
     704    2367
     705    2592
     706    2817
     707    3042
     708    3267
     709    1707
     710    1932
     711    2157
     712    2382
     713    2607
     714    2832
     715    3057
     716    3282
     717    1722
     718    1947
     719    2172
     720    2397
     721    2622
     722    2847
     723    3072
     724    3297
     725    1737
     726    1962
     727    2187
     728    2412
     729    2637
     730    2862
     731    3087
     732    3312
     733    1752
     734    1977
     735    2202
     736    2427
     737    2652
     738    2877
     739    3102
     740    3327
     741    1767
     742    1992
     743    2217
     744    2442
     745    2667
     746    2892
     747    3117
     748    3342
     749    1782
     750    2007
     751    2232
     752    2457
     753    2682
     754    2907
     755    3132
     756    3357
     757    1797
     758    2022
     759    2247
     760    2472
     761    2697
     762    2922
     763    3147
     764    3372
     765    1648
     766    1873
     767    2098
     768    2323
     769    1663
     770    1888
     771    2113
     772    2338
     773    1678
     774    1903
     775    2128
     776    2353
     777    1693
     778    1918
     779    2143
     780    2368
     781    2593
     782    2818
     783    3043
     784    3268
     785    1708
     786    1933
     787    2158
     788    2383
     789    2608
     790    2833
     791    3058
     792    3283
     793    1723
     794    1948
     795    2173
     796    2398
     797    2623
     798    2848
     799    3073
     800    3298
     801    1738
     802    1963
     803    2188
     804    2413
     805    2638
     806    2863
     807    3088
     808    3313
     809    1753
     810    1978
     811    2203
     812    2428
     813    2653
     814    2878
     815    3103
     816    3328
     817    1768
     818    1993
     819    2218
     820    2443
     821    2668
     822    2893
     823    3118
     824    3343
     825    1783
     826    2008
     827    2233
     828    2458
     829    2683
     830    2908
     831    3133
     832    3358
     833    1798
     834    2023
     835    2248
     836    2473
     837    2698
     838    2923
     839    3148
     840    3373
     841    1649
     842    1874
     843    2099
     844    2324
     845    1664
     846    1889
     847    2114
     848    2339
     849    1679
     850    1904
     851    2129
     852    2354
     853    1694
     854    1919
     855    2144
     856    2369
     857    2594
     858    2819
     859    3044
     860    3269
     861    1709
     862    1934
     863    2159
     864    2384
     865    2609
     866    2834
     867    3059
     868    3284
     869    1724
     870    1949
     871    2174
     872    2399
     873    2624
     874    2849
     875    3074
     876    3299
     877    1739
     878    1964
     879    2189
     880    2414
     881    2639
     882    2864
     883    3089
     884    3314
     885    1754
     886    1979
     887    2204
     888    2429
     889    2654
     890    2879
     891    3104
     892    3329
     893    1769
     894    1994
     895    2219
     896    2444
     897    2669
     898    2894
     899    3119
     900    3344
     901    1784
     902    2009
     903    2234
     904    2459
     905    2684
     906    2909
     907    3134
     908    3359
     909    1799
     910    2024
     911    2249
     912    2474
     913    2699
     914    2924
     915    3149
     916    3374
     917    1650
     918    1875
     919    2100
     920    2325
     921    1665
     922    1890
     923    2115
     924    2340
     925    1680
     926    1905
     927    2130
     928    2355
     929    1695
     930    1920
     931    2145
     932    2370
     933    2595
     934    2820
     935    3045
     936    3270
     937    1710
     938    1935
     939    2160
     940    2385
     941    2610
     942    2835
     943    3060
     944    3285
     945    1725
     946    1950
     947    2175
     948    2400
     949    2625
     950    2850
     951    3075
     952    3300
     953    1740
     954    1965
     955    2190
     956    2415
     957    2640
     958    2865
     959    3090
     960    3315
     961    1755
     962    1980
     963    2205
     964    2430
     965    2655
     966    2880
     967    3105
     968    3330
     969    1770
     970    1995
     971    2220
     972    2445
     973    2670
     974    2895
     975    3120
     976    3345
     977    1785
     978    2010
     979    2235
     980    2460
     981    2685
     982    2910
     983    3135
     984    3360
     985    1800
     986    2025
     987    2250
     988    2475
     989    2700
     990    2925
     991    3150
     992    3375
       5     696    2680
       1    1576
       2    1801
       3    2026
       4    2251
       5    2476
       6    2701
       7    2926
       8    3151
       9    1591
      10    1816
      11    2041
      12    2266
      13    2491
      14    2716
      15    2941
      16    3166
      17    1606
      18    1831
      19    2056
      20    2281
      21    2506
      22    2731
      23    2956
      24    3181
      25    1621
      26    1846
      27    2071
      28    2296
      29    2521
      30    2746
      31    2971
      32    3196
      33    1636
      34    1861
      35    2086
      36    2311
      37    2536
      38    2761
      39    2986
      40    3211
      41    1651
      42    1876
      43    2101
      44    2326
      45    2551
      46    2776
      47    3001
      48    3226
      49    1666
      50    1891
      51    2116
      52    2341
      53    2566
      54    2791
      55    3016
      56    3241
      57    1577
      58    1802
      59    2027
      60    2252
      61    2477
      62    2702
      63    2927
      64    3152
      65    1592
      66    1817
      67    2042
      68    2267
      69    2492
      70    2717
      71    2942
      72    3167
      73    1607
      74    1832
      75    2057
      76    2282
      77    2507
      78    2732
      79    2957
      80    3182
      81    1622
      82    1847
      83    2072
      84    2297
      85    2522
      86    2747
      87    2972
      88    3197
      89    1637
      90    1862
      91    2087
      92    2312
      93    2537
      94    2762
      95    2987
      96    3212
      97    1652
      98    1877
      99    2102
     100    2327
     101    2552
     102    2777
     103    3002
     104    3227
     105    1667
     106    1892
     107    2117
     108    2342
     109    2567
     110    2792
     111    3017
     112    3242
     113    1578
     114    1803
     115    2028
     116    2253
     117    2478
     118    2703
     119    2928
     120    3153
     121    1593
     122    1818
     123    2043
     124    2268
     125    2493
     126    2718
     127    2943
     128    3168
     129    1608
     130    1833
     131    2058
     132    2283
     133    2508
     134    2733
     135    2958
     136    3183
     137    1623
     138    1848
     139    2073
     140    2298
     141    2523
     142    2748
     143    2973
     144    3198
     145    1638
     146    1863
     147    2088
     148    2313
     149    2538
     150    2763
     151    2988
     152    3213
     153    1653
     154    1878
     155    2103
     156    2328
     157    2553
     158    2778
     159    3003
     160    3228
     161    1668
     162    1893
     163    2118
     164    2343
     165    2568
     166    2793
     167    3018
     168    3243
     169    1579
     170    1804
     171    2029
     172    2254
     173    2479
     174    2704
     175    2929
     176    3154
     177    1594
     178    1819
     179    2044
     180    2269
     181    2494
     182    2719
     183    2944
     184    3169
     185    1609
     186    1834
     187    2059
     188    2284
     189    2509
     190    2734
     191    2959
     192    3184
     193    1624
     194    1849
     195    2074
     196    2299
     197    2524
     198    2749
     199    2974
     200    3199
     201    1639
     202    1864
     203    2089
     204    2314
     205    2539
     206    2764
     207    2989
     208    3214
     209    1654
     210    1879
     211    2104
     212    2329
     213    2554
     214    2779
     215    3004
     216    3229
     217    1669
     218    1894
     219    2119
     220    2344
     221    2569
     222    2794
     223    3019
     224    3244
     225    1580
     226    1805
     227    2030
     228    2255
     229    2480
     230    2705
     231    2930
     232    3155
     233    1595
     234    1820
     235    2045
     236    2270
     237    2495
     238    2720
     239    2945
     240    3170
     241    1610
     242    1835
     243    2060
     244    2285
     245    2510
     246    2735
     247    2960
     248    3185
     249    1625
     250    1850
     251    2075
     252    2300
     253    2525
     254    2750
     255    2975
     256    3200
     257    1640
     258    1865
     259    2090
     260    2315
     261    2540
     262    2765
     263    2990
     264    3215
     265    1655
     266    1880
     267    2105
     268    2330
     269    2555
     270    2780
     271    3005
     272    3230
     273    1670
     274    1895
     275    2120
     276    2345
     277    2570
     278    2795
     279    3020
     280    3245
     281    1581
     282    1806
     283    2031
     284    2256
     285    2481
     286    2706
     287    2931
     288    3156
     289    1596
     290    1821
     291    2046
     292    2271
     293    2496
     294    2721
     295    2946
     296    3171
     297    1611
     298    1836
     299    2061
     300    2286
     301    2511
     302    2736
     303    2961
     304    3186
     305    1626
     306    1851
     307    2076
     308    2301
     309    2526
     310    2751
     311    2976
     312    3201
     313    1641
     314    1866
     315    2091
     316    2316
     317    2541
     318    2766
     319    2991
     320    3216
     321    1656
     322    1881
     323    2106
     324    2331
     325    2556
     326    2781
     327    3006
     328    3231
     329    1671
     330    1896
     331    2121
     332    2346
     333    2571
     334    2796
     335    3021
     336    3246
     337    1582
     338    1807
     339    2032
     340    2257
     341    2482
     342    2707
     343    2932
     344    3157
     345    1597
     346    1822
     347    2047
     348    2272
     349    2497
     350    2722
     351    2947
     352    3172
     353    1612
     354    1837
     355    2062
     356    2287
     357    2512
     358    2737
     359    2962
     360    3187
     361    1627
     362    1852
     363    2077
     364    2302
     365    2527
     366    2752
     367    2977
     368    3202
     369    1642
     370    1867
     371    2092
     372    2317
     373    2542
     374    2767
     375    2992
     376    3217
     377    1657
     378    1882
     379    2107
     380    2332
     381    2557
     382    2782
     383    3007
     384    3232
     385    1672
     386    1897
     387    2122
     388    2347
     389    2572
     390    2797
     391    3022
     392    3247
     393    1583
     394    1808
     395    2033
     396    2258
     397    2483
     398    2708
     399    2933
     400    3158
     401    1598
     402    1823
     403    2048
     404    2273
     405    2498
     406    2723
     407    2948
     408    3173
     409    1613
     410    1838
     411    2063
     412    2288
     413    2513
     414    2738
     415    2963
     416    3188
     417    1628
     418    1853
     419    2078
     420    2303
     421    2528
     422    2753
     423    2978
     424    3203
     425    1584
     426    1809
     427    2034
     428    2259
     429    2484
     430    2709
     431    2934
     432    3159
     433    1599
     434    1824
     435    2049
     436    2274
     437    2499
     438    2724
     439    2949
     440    3174
     441    1614
     442    1839
     443    2064
     444    2289
     445    2514
     446    2739
     447    2964
     448    3189
     449    1629
     450    1854
     451    2079
     452    2304
     453    2529
     454    2754
     455    2979
     456    3204
     457    1585
     458    1810
     459    2035
     460    2260
     461    2485
     462    2710
     463    2935
     464    3160
     465    1600
     466    1825
     467    2050
     468    2275
     469    2500
     470    2725
     471    2950
     472    3175
     473    1615
     474    1840
     475    2065
     476    2290
     477    2515
     478    2740
     479    2965
     480    3190
     481    1630
     482    1855
     483    2080
     484    2305
     485    2530
     486    2755
     487    2980
     488    3205
     489    1586
     490    1811
     491    2036
     492    2261
     493    2486
     494    2711
     495    2936
     496    3161
     497    1601
     498    1826
     499    2051
     500    2276
     501    2501
     502    2726
     503    2951
     504    3176
     505    1616
     506    1841
     507    2066
     508    2291
     509    2516
     510    2741
     511    2966
     512    3191
     513    1631
     514    1856
     515    2081
     516    2306
     517    2531
     518    2756
     519    2981
     520    3206
     521    1587
     522    1812
     523    2037
     524    2262
     525    2487
     526    2712
     527    2937
     528    3162
     529    1602
     530    1827
     531    2052
     532    2277
     533    2502
     534    2727
     535    2952
     536    3177
     537    1617
     538    1842
     539    2067
     540    2292
     541    2517
     542    2742
     543    2967
     544    3192
     545    1632
     546    1857
     547    2082
     548    2307
     549    2532
     550    2757
     551    2982
     552    3207
     553    2547
     554    2772
     555    2997
     556    3222
     557    2562
     558    2787
     559    3012
     560    3237
     561    2577
     562    2802
     563    3027
     564    3252
     565    1588
     566    1813
     567    2038
     568    2263
     569    2488
     570    2713
     571    2938
     572    3163
     573    1603
     574    1828
     575    2053
     576    2278
     577    2503
     578    2728
     579    2953
     580    3178
     581    1618
     582    1843
     583    2068
     584    2293
     585    2518
     586    2743
     587    2968
     588    3193
     589    1633
     590    1858
     591    2083
     592    2308
     593    2533
     594    2758
     595    2983
     596    3208
     597    2548
     598    2773
     599    2998
     600    3223
     601    2563
     602    2788
     603    3013
     604    3238
     605    2578
     606    2803
     607    3028
     608    3253
     609    1589
     610    1814
     611    2039
     612    2264
     613    2489
     614    2714
     615    2939
     616    3164
     617    1604
     618    1829
     619    2054
     620    2279
     621    2504
     622    2729
     623    2954
     624    3179
     625    1619
     626    1844
     627    2069
     628    2294
     629    2519
     630    2744
     631    2969
     632    3194
     633    1634
     634    1859
     635    2084
     636    2309
     637    2534
     638    2759
     639    2984
     640    3209
     641    2549
     642    2774
     643    2999
     644    3224
     645    2564
     646    2789
     647    3014
     648    3239
     649    2579
     650    2804
     651    3029
     652    3254
     653    1590
     654    1815
     655    2040
     656    2265
     657    2490
     658    2715
     659    2940
     660    3165
     661    1605
     662    1830
     663    2055
     664    2280
     665    2505
     666    2730
     667    2955
     668    3180
     669    1620
     670    1845
     671    2070
     672    2295
     673    2520
     674    2745
     675    2970
     676    3195
     677    1635
     678    1860
     679    2085
     680    2310
     681    2535
     682    2760
     683    2985
     684    3210
     685    2550
     686    2775
     687    3000
     688    3225
     689    2565
     690    2790
     691    3015
     692    3240
     693    2580
     694    2805
     695    3030
     696    3255
