     0.000000000000000000
     0.000000000000000000
     0.000000000000000000
     0.000000000000000000
     0.000000000000000000
    -0.000000942943750786
     0.000000000000000000
    -0.000000957468660068
     0.000000000000000000
     0.000000000000000000
     0.000000014524909282
     0.000000000000000000
     0.000000000000000000
    -0.000000957468660068
     0.000000000000000000
    -0.000000942943750786
     0.000000000000000000
     0.000000000000000000
     0.000000000000000000
     0.000000000000000000
     0.000000000000000000
     0.000000014524909282
     0.000000000000000000
     0.000000000000000000
     0.000000000000000000
     0.000000000000000000
    -0.000000942943750786
    -0.000000957468660068
     0.000000000000000000
     0.000000000000000000
    -0.000000957468660068
    -0.000000942943750786
     0.000048348156170903
     0.000000000000000000
     0.000000000000000000
    -0.002145607450492697
    -0.000000000000000000
     0.001408621825474683
    -0.000000000000000000
     0.000000000000000002
    -0.000000000000000000
    -0.000000000000000000
     0.001408621825474686
     0.000000000000000001
     0.002145607450492697
     0.000000000000000002
     0.000000000000000001
    -0.017086397398056972
     0.000000000000000000
     0.000000000000000000
     0.000000000000000000
     0.000000000000000000
     0.000000000000000000
     0.000000014524909282
    -0.000000000000000000
     0.000000000000000000
     0.000000000000000000
    -0.000000000000000000
    -0.000000942943750786
     0.000000957468660068
     0.000000000000000000
     0.000000000000000000
     0.000000957468660068
    -0.000000942943750786
     0.000000000000000000
     0.000000000000000000
     0.000000000000000000
     0.000000000000000000
     0.000000000000000000
    -0.000000942943750786
    -0.000000000000000000
     0.000000957468660068
     0.000000000000000000
    -0.000000000000000000
     0.000000014524909282
     0.000000000000000000
     0.000000000000000000
     0.000000957468660068
     0.000000000000000000
    -0.000000942943750786
     0.000000000000000000
     0.000000000000000000
     0.000000000000000000
     0.000000000000000000
     0.000000000000000000
    -0.000000942943750786
    -0.000000957468660068
    -0.000000000000000000
     0.000000000000000000
    -0.000000957468660068
    -0.000000942943750786
    -0.000000000000000000
     0.000000000000000000
    -0.000000000000000000
    -0.000000000000000000
     0.000000014524909282
     0.000048348156170903
    -0.002145607450492697
     0.000000000000000000
    -0.000000000000000000
     0.002145607450492697
    -0.017086397398056972
     0.000000000000000001
    -0.000000000000000003
    -0.000000000000000000
     0.000000000000000001
     0.001408621825474686
     0.000000000000000000
     0.000000000000000000
    -0.000000000000000003
     0.000000000000000000
     0.001408621825474685
     0.000000000000000000
     0.000000000000000000
     0.000000000000000000
     0.000000000000000000
     0.000000000000000000
    -0.000000942943750786
     0.000000957468660068
    -0.000000000000000000
     0.000000000000000000
     0.000000957468660068
    -0.000000942943750786
     0.000000000000000000
     0.000000000000000000
    -0.000000000000000000
     0.000000000000000000
     0.000000014524909282
     0.000048348156170903
     0.000000000000000000
    -0.002145607450492697
     0.000000000000000000
     0.000000000000000000
     0.001408621825474686
     0.000000000000000000
     0.000000000000000000
     0.002145607450492697
     0.000000000000000000
    -0.017086397398056972
     0.000000000000000002
    -0.000000000000000000
     0.000000000000000000
     0.000000000000000002
     0.001408621825474686
     0.999999954731785490
     0.000000000000000000
     0.000000000000000000
     0.000000000000000000
     0.000000000000000000
     0.999999847004031772
     0.000000000000000000
     0.000000000000000000
     0.000000000000000000
     0.000000000000000000
     0.999999847004031772
     0.000000000000000000
     0.000000000000000000
     0.000000000000000000
     0.000000000000000000
     0.999999847004031772
     0.000048348156170903
     0.000000000000000000
     0.002145607450492697
     0.000000000000000000
     0.000000000000000000
     0.001408621825474686
     0.000000000000000000
     0.000000000000000000
    -0.002145607450492697
     0.000000000000000000
    -0.017086397398056972
     0.000000000000000000
     0.000000000000000000
     0.000000000000000000
     0.000000000000000000
     0.001408621825474686
     0.000000000000000000
     0.000000000000000000
     0.000000000000000000
     0.000000000000000000
     0.000000000000000000
    -0.000000942943750786
     0.000000957468660068
    -0.000000000000000000
     0.000000000000000000
     0.000000957468660068
    -0.000000942943750786
     0.000000000000000000
     0.000000000000000000
    -0.000000000000000000
     0.000000000000000000
     0.000000014524909282
     0.000048348156170902
     0.002145607450492692
     0.000000000000000000
     0.000000000000000000
    -0.002145607450492692
    -0.017086397398056941
    -0.000000000000000001
    -0.000000000000000001
    -0.000000000000000000
    -0.000000000000000001
     0.001408621825474683
    -0.000000000000000000
    -0.000000000000000000
    -0.000000000000000001
    -0.000000000000000000
     0.001408621825474681
     0.000000000000000000
     0.000000000000000000
     0.000000000000000000
     0.000000000000000000
     0.000000000000000000
    -0.000000942943750786
    -0.000000957468660068
    -0.000000000000000000
     0.000000000000000000
    -0.000000957468660068
    -0.000000942943750786
    -0.000000000000000000
     0.000000000000000000
    -0.000000000000000000
    -0.000000000000000000
     0.000000014524909282
     0.000000000000000000
     0.000000000000000000
     0.000000000000000000
     0.000000000000000000
     0.000000000000000000
    -0.000000942943750786
     0.000000000000000000
     0.000000957468660068
     0.000000000000000000
     0.000000000000000000
     0.000000014524909282
    -0.000000000000000000
     0.000000000000000000
     0.000000957468660068
    -0.000000000000000000
    -0.000000942943750786
     0.000000000000000000
     0.000000000000000000
     0.000000000000000000
     0.000000000000000000
     0.000000000000000000
     0.000000014524909282
     0.000000000000000000
     0.000000000000000000
     0.000000000000000000
     0.000000000000000000
    -0.000000942943750786
     0.000000957468660068
     0.000000000000000000
     0.000000000000000000
     0.000000957468660068
    -0.000000942943750786
     0.000048348156170902
     0.000000000000000000
     0.000000000000000000
     0.002145607450492692
     0.000000000000000000
     0.001408621825474680
     0.000000000000000000
     0.000000000000000000
    -0.000000000000000000
     0.000000000000000000
     0.001408621825474683
    -0.000000000000000001
    -0.002145607450492692
     0.000000000000000000
    -0.000000000000000001
    -0.017086397398056941
     0.000000000000000000
     0.000000000000000000
     0.000000000000000000
     0.000000000000000000
     0.000000000000000000
     0.000000014524909282
     0.000000000000000000
     0.000000000000000000
     0.000000000000000000
     0.000000000000000000
    -0.000000942943750786
    -0.000000957468660068
     0.000000000000000000
     0.000000000000000000
    -0.000000957468660068
    -0.000000942943750786
     0.000000000000000000
     0.000000000000000000
     0.000000000000000000
     0.000000000000000000
     0.000000000000000000
    -0.000000942943750786
    -0.000000000000000000
    -0.000000957468660068
     0.000000000000000000
    -0.000000000000000000
     0.000000014524909282
    -0.000000000000000000
     0.000000000000000000
    -0.000000957468660068
    -0.000000000000000000
    -0.000000942943750786
     0.000000000000000000
     0.000000000000000000
     0.000000000000000000
     0.000000000000000000
     0.000000000000000000
    -0.000059628692751630
    -0.000064453760225340
    -0.000064453760225340
     0.000000000000000000
    -0.000064453760225340
    -0.000059628692751630
    -0.000064453760225340
     0.000000000000000000
    -0.000064453760225340
    -0.000064453760225340
    -0.000059628692751630
     0.000000410434164100
    -0.000290566905638958
     0.000096855635212986
    -0.000290566905638958
     0.000290566905638958
    -0.002743545724296764
     0.001045961165638687
    -0.003137883496916058
    -0.000096855635212986
     0.001045961165638687
     0.000045684050739733
     0.001045961165638687
     0.000290566905638958
    -0.003137883496916058
     0.001045961165638687
    -0.002743545724296765
     0.000000410434164100
     0.000096855635212986
    -0.000290566905638958
    -0.000290566905638958
    -0.000096855635212986
     0.000045684050739733
     0.001045961165638687
     0.001045961165638686
     0.000290566905638958
     0.001045961165638687
    -0.002743545724296765
    -0.003137883496916059
     0.000290566905638958
     0.001045961165638686
    -0.003137883496916059
    -0.002743545724296764
     0.002223002780088185
     0.006216143378337941
     0.006216143378337941
    -0.018648430135013820
    -0.006216143378337941
     0.002219287759762930
    -0.008136795341443371
     0.024410386024330110
    -0.006216143378337941
    -0.008136795341443371
     0.002219287759762937
     0.024410386024330107
     0.018648430135013820
     0.024410386024330110
     0.024410386024330107
    -0.062875074971784017
     0.000000410434164100
    -0.000290566905638958
    -0.000290566905638958
     0.000096855635212986
     0.000290566905638958
    -0.002743545724296763
    -0.003137883496916058
     0.001045961165638688
     0.000290566905638958
    -0.003137883496916058
    -0.002743545724296765
     0.001045961165638688
    -0.000096855635212986
     0.001045961165638688
     0.001045961165638688
     0.000045684050739731
     0.002223002780088185
    -0.018648430135013817
     0.006216143378337941
     0.006216143378337952
     0.018648430135013817
    -0.062875074971784004
     0.024410386024330100
     0.024410386024330152
    -0.006216143378337941
     0.024410386024330100
     0.002219287759762937
    -0.008136795341443384
    -0.006216143378337952
     0.024410386024330152
    -0.008136795341443384
     0.002219287759762902
     0.002223002780088185
     0.006216143378337941
    -0.018648430135013824
     0.006216143378337942
    -0.006216143378337941
     0.002219287759762937
     0.024410386024330110
    -0.008136795341443372
     0.018648430135013824
     0.024410386024330110
    -0.062875074971784031
     0.024410386024330110
    -0.006216143378337942
    -0.008136795341443372
     0.024410386024330110
     0.002219287759762937
     0.208133247148469536
     0.228310823577526190
     0.228310823577526245
     0.228310823577526245
    -0.228310823577526190
     0.039643649807533689
    -0.200537877269686693
    -0.200537877269686721
    -0.228310823577526245
    -0.200537877269686693
     0.039643649807533710
    -0.200537877269686721
    -0.228310823577526245
    -0.200537877269686721
    -0.200537877269686721
     0.039643649807533668
     0.000000000000000000
     0.000000000000000000
     0.000000000000000000
     0.000000000000000000
     0.000000000000000000
    -0.000002336461440216
    -0.000035807644569633
    -0.000007161528913927
     0.000000000000000000
    -0.000035807644569633
    -0.000174213155374457
    -0.000035807644569633
     0.000000000000000000
    -0.000007161528913927
    -0.000035807644569633
    -0.000002336461440216
     0.000000000000000000
     0.000000000000000000
     0.000000000000000000
     0.000000000000000000
     0.000000000000000000
    -0.000174213155374456
    -0.000035807644569633
    -0.000035807644569633
     0.000000000000000000
    -0.000035807644569633
    -0.000002336461440216
    -0.000007161528913927
     0.000000000000000000
    -0.000035807644569633
    -0.000007161528913927
    -0.000002336461440216
     0.000000000000000000
     0.000000000000000000
     0.000000000000000000
     0.000000000000000000
     0.000000000000000000
    -0.000002336461440216
    -0.000007161528913927
    -0.000035807644569633
     0.000000000000000000
    -0.000007161528913927
    -0.000002336461440216
    -0.000035807644569633
     0.000000000000000000
    -0.000035807644569633
    -0.000035807644569633
    -0.000174213155374456
     0.002223002780088191
    -0.006216143378337949
    -0.006216143378337954
    -0.018648430135013858
     0.006216143378337949
     0.002219287759762947
    -0.008136795341443379
    -0.024410386024330127
     0.006216143378337954
    -0.008136795341443379
     0.002219287759762940
    -0.024410386024330145
     0.018648430135013858
    -0.024410386024330127
    -0.024410386024330148
    -0.062875074971784115
     0.000000410434164100
    -0.000096855635212986
     0.000290566905638958
    -0.000290566905638958
     0.000096855635212986
     0.000045684050739734
     0.001045961165638686
    -0.001045961165638685
    -0.000290566905638958
     0.001045961165638686
    -0.002743545724296766
     0.003137883496916059
     0.000290566905638958
    -0.001045961165638685
     0.003137883496916059
    -0.002743545724296764
     0.000000410434164100
     0.000290566905638958
    -0.000096855635212986
    -0.000290566905638958
    -0.000290566905638958
    -0.002743545724296765
     0.001045961165638686
     0.003137883496916058
     0.000096855635212986
     0.001045961165638686
     0.000045684050739733
    -0.001045961165638686
     0.000290566905638958
     0.003137883496916058
    -0.001045961165638686
    -0.002743545724296764
     0.000000000000000000
     0.000000000000000000
     0.000000000000000000
     0.000000000000000000
     0.000000000000000000
    -0.000059628692751630
    -0.000064453760225340
     0.000064453760225340
     0.000000000000000000
    -0.000064453760225340
    -0.000059628692751630
     0.000064453760225340
     0.000000000000000000
     0.000064453760225340
     0.000064453760225340
    -0.000059628692751630
     0.000000000000000000
     0.000000000000000000
     0.000000000000000000
     0.000000000000000000
     0.000000000000000000
    -0.000174213155374457
    -0.000035807644569633
     0.000035807644569633
     0.000000000000000000
    -0.000035807644569633
    -0.000002336461440216
     0.000007161528913927
     0.000000000000000000
     0.000035807644569633
     0.000007161528913927
    -0.000002336461440216
     0.000000000000000000
     0.000000000000000000
     0.000000000000000000
     0.000000000000000000
     0.000000000000000000
    -0.000002336461440216
    -0.000035807644569633
     0.000007161528913927
     0.000000000000000000
    -0.000035807644569633
    -0.000174213155374457
     0.000035807644569633
     0.000000000000000000
     0.000007161528913927
     0.000035807644569633
    -0.000002336461440216
     0.208133247148469536
    -0.228310823577526328
    -0.228310823577526245
     0.228310823577526190
     0.228310823577526328
     0.039643649807533592
    -0.200537877269686748
     0.200537877269686721
     0.228310823577526245
    -0.200537877269686748
     0.039643649807533710
     0.200537877269686693
    -0.228310823577526190
     0.200537877269686721
     0.200537877269686693
     0.039643649807533765
     0.002223002780088185
    -0.006216143378337942
     0.018648430135013824
     0.006216143378337939
     0.006216143378337942
     0.002219287759762933
     0.024410386024330110
     0.008136795341443365
    -0.018648430135013824
     0.024410386024330110
    -0.062875074971784031
    -0.024410386024330096
    -0.006216143378337939
     0.008136795341443365
    -0.024410386024330096
     0.002219287759762940
     0.002223002780088185
     0.018648430135013820
    -0.006216143378337939
     0.006216143378337939
    -0.018648430135013820
    -0.062875074971784031
     0.024410386024330096
    -0.024410386024330107
     0.006216143378337939
     0.024410386024330096
     0.002219287759762944
     0.008136795341443367
    -0.006216143378337939
    -0.024410386024330107
     0.008136795341443367
     0.002219287759762930
     0.000000410434164100
     0.000290566905638958
     0.000290566905638958
     0.000096855635212986
    -0.000290566905638958
    -0.002743545724296763
    -0.003137883496916059
    -0.001045961165638686
    -0.000290566905638958
    -0.003137883496916059
    -0.002743545724296766
    -0.001045961165638686
    -0.000096855635212986
    -0.001045961165638686
    -0.001045961165638686
     0.000045684050739733
     0.000000000000000000
     0.000000000000000000
     0.000000000000000000
     0.000000000000000000
     0.000000000000000000
    -0.000002336461440216
    -0.000007161528913927
     0.000035807644569633
     0.000000000000000000
    -0.000007161528913927
    -0.000002336461440216
     0.000035807644569633
     0.000000000000000000
     0.000035807644569633
     0.000035807644569633
    -0.000174213155374456
     0.000000000000000000
    -0.000002305328322630
    -0.000002305328322630
    -0.000004610656645260
     0.000002305328322630
    -0.000117847943951225
    -0.000151160096835980
    -0.000302320193671961
     0.000002305328322630
    -0.000151160096835980
    -0.000117847943951225
    -0.000302320193671961
     0.000004610656645260
    -0.000302320193671961
    -0.000302320193671961
    -0.000571328234459166
     0.000000000000000000
    -0.000002305328322630
     0.000002305328322630
    -0.000004610656645260
     0.000002305328322630
    -0.000117847943951225
     0.000151160096835980
    -0.000302320193671961
    -0.000002305328322630
     0.000151160096835980
    -0.000117847943951225
     0.000302320193671961
     0.000004610656645260
    -0.000302320193671961
     0.000302320193671961
    -0.000571328234459166
     0.000000000000000000
     0.000002305328322630
    -0.000002305328322630
    -0.000004610656645260
    -0.000002305328322630
    -0.000117847943951225
     0.000151160096835980
     0.000302320193671961
     0.000002305328322630
     0.000151160096835980
    -0.000117847943951225
    -0.000302320193671961
     0.000004610656645260
     0.000302320193671961
    -0.000302320193671961
    -0.000571328234459166
     0.000000000000000000
     0.000002305328322630
     0.000002305328322630
    -0.000004610656645260
    -0.000002305328322630
    -0.000117847943951225
    -0.000151160096835980
     0.000302320193671961
    -0.000002305328322630
    -0.000151160096835980
    -0.000117847943951225
     0.000302320193671961
     0.000004610656645260
     0.000302320193671961
     0.000302320193671961
    -0.000571328234459166
     0.013460430123741087
    -0.048493452175181750
    -0.048493452175181737
    -0.000000000000000009
     0.048493452175181750
    -0.070741642593932841
    -0.104217474857197026
    -0.000000000000000019
     0.048493452175181737
    -0.104217474857197026
    -0.070741642593932813
    -0.000000000000000019
     0.000000000000000009
    -0.000000000000000019
    -0.000000000000000019
     0.033475832263264199
     0.013460430123741087
    -0.048493452175181737
     0.048493452175181744
    -0.000000000000000009
     0.048493452175181737
    -0.070741642593932785
     0.104217474857196998
    -0.000000000000000019
    -0.048493452175181744
     0.104217474857196998
    -0.070741642593932841
     0.000000000000000019
     0.000000000000000009
    -0.000000000000000019
     0.000000000000000019
     0.033475832263264185
     0.013460430123741087
     0.048493452175181750
    -0.048493452175181737
     0.000000000000000003
    -0.048493452175181750
    -0.070741642593932841
     0.104217474857197026
    -0.000000000000000006
     0.048493452175181737
     0.104217474857197026
    -0.070741642593932813
     0.000000000000000006
    -0.000000000000000003
    -0.000000000000000006
     0.000000000000000006
     0.033475832263264199
     0.013460430123741087
     0.048493452175181737
     0.048493452175181744
     0.000000000000000003
    -0.048493452175181737
    -0.070741642593932785
    -0.104217474857196998
    -0.000000000000000006
    -0.048493452175181744
    -0.104217474857196998
    -0.070741642593932841
    -0.000000000000000006
    -0.000000000000000003
    -0.000000000000000006
    -0.000000000000000006
     0.033475832263264185
     0.000000000000000000
    -0.000002305328322630
    -0.000002305328322630
     0.000004610656645260
     0.000002305328322630
    -0.000117847943951225
    -0.000151160096835980
     0.000302320193671960
     0.000002305328322630
    -0.000151160096835980
    -0.000117847943951225
     0.000302320193671960
    -0.000004610656645260
     0.000302320193671960
     0.000302320193671960
    -0.000571328234459165
     0.000000000000000000
    -0.000002305328322630
     0.000002305328322630
     0.000004610656645260
     0.000002305328322630
    -0.000117847943951225
     0.000151160096835980
     0.000302320193671960
    -0.000002305328322630
     0.000151160096835980
    -0.000117847943951225
    -0.000302320193671960
    -0.000004610656645260
     0.000302320193671960
    -0.000302320193671960
    -0.000571328234459165
     0.000000000000000000
     0.000002305328322630
    -0.000002305328322630
     0.000004610656645260
    -0.000002305328322630
    -0.000117847943951225
     0.000151160096835980
    -0.000302320193671960
     0.000002305328322630
     0.000151160096835980
    -0.000117847943951225
     0.000302320193671960
    -0.000004610656645260
    -0.000302320193671960
     0.000302320193671960
    -0.000571328234459165
     0.000000000000000000
     0.000002305328322630
     0.000002305328322630
     0.000004610656645260
    -0.000002305328322630
    -0.000117847943951225
    -0.000151160096835980
    -0.000302320193671960
    -0.000002305328322630
    -0.000151160096835980
    -0.000117847943951225
    -0.000302320193671960
    -0.000004610656645260
    -0.000302320193671960
    -0.000302320193671960
    -0.000571328234459165
     0.000000000000000000
    -0.000002305328322630
    -0.000004610656645260
    -0.000002305328322630
     0.000002305328322630
    -0.000117847943951225
    -0.000302320193671961
    -0.000151160096835980
     0.000004610656645260
    -0.000302320193671961
    -0.000571328234459166
    -0.000302320193671961
     0.000002305328322630
    -0.000151160096835980
    -0.000302320193671961
    -0.000117847943951225
     0.013460430123741087
    -0.048493452175181737
     0.000000000000000004
    -0.048493452175181750
     0.048493452175181737
    -0.070741642593932785
     0.000000000000000009
    -0.104217474857196998
    -0.000000000000000004
     0.000000000000000009
     0.033475832263264199
     0.000000000000000009
     0.048493452175181750
    -0.104217474857196998
     0.000000000000000009
    -0.070741642593932855
     0.000000000000000000
    -0.000002305328322630
     0.000004610656645260
    -0.000002305328322630
     0.000002305328322630
    -0.000117847943951225
     0.000302320193671961
    -0.000151160096835980
    -0.000004610656645260
     0.000302320193671961
    -0.000571328234459166
     0.000302320193671961
     0.000002305328322630
    -0.000151160096835980
     0.000302320193671961
    -0.000117847943951225
     0.000000000000000000
     0.000002305328322630
    -0.000004610656645260
    -0.000002305328322630
    -0.000002305328322630
    -0.000117847943951225
     0.000302320193671961
     0.000151160096835980
     0.000004610656645260
     0.000302320193671961
    -0.000571328234459166
    -0.000302320193671961
     0.000002305328322630
     0.000151160096835980
    -0.000302320193671961
    -0.000117847943951225
     0.013460430123741087
     0.048493452175181750
     0.000000000000000004
    -0.048493452175181737
    -0.048493452175181750
    -0.070741642593932841
    -0.000000000000000009
     0.104217474857196998
    -0.000000000000000004
    -0.000000000000000009
     0.033475832263264199
     0.000000000000000009
     0.048493452175181737
     0.104217474857196998
     0.000000000000000009
    -0.070741642593932813
     0.000000000000000000
     0.000002305328322630
     0.000004610656645260
    -0.000002305328322630
    -0.000002305328322630
    -0.000117847943951225
    -0.000302320193671961
     0.000151160096835980
    -0.000004610656645260
    -0.000302320193671961
    -0.000571328234459166
     0.000302320193671961
     0.000002305328322630
     0.000151160096835980
     0.000302320193671961
    -0.000117847943951225
     0.000000000000000000
    -0.000002305328322630
    -0.000004610656645260
     0.000002305328322630
     0.000002305328322630
    -0.000117847943951225
    -0.000302320193671961
     0.000151160096835980
     0.000004610656645260
    -0.000302320193671961
    -0.000571328234459166
     0.000302320193671961
    -0.000002305328322630
     0.000151160096835980
     0.000302320193671961
    -0.000117847943951225
     0.013460430123741087
    -0.048493452175181750
     0.000000000000000004
     0.048493452175181730
     0.048493452175181750
    -0.070741642593932869
     0.000000000000000009
     0.104217474857196998
    -0.000000000000000004
     0.000000000000000009
     0.033475832263264199
    -0.000000000000000009
    -0.048493452175181730
     0.104217474857196998
    -0.000000000000000009
    -0.070741642593932785
     0.000000000000000000
    -0.000002305328322630
     0.000004610656645260
     0.000002305328322630
     0.000002305328322630
    -0.000117847943951225
     0.000302320193671961
     0.000151160096835980
    -0.000004610656645260
     0.000302320193671961
    -0.000571328234459166
    -0.000302320193671961
    -0.000002305328322630
     0.000151160096835980
    -0.000302320193671961
    -0.000117847943951225
     0.000000000000000000
     0.000002305328322630
    -0.000004610656645260
     0.000002305328322630
    -0.000002305328322630
    -0.000117847943951225
     0.000302320193671961
    -0.000151160096835980
     0.000004610656645260
     0.000302320193671961
    -0.000571328234459166
     0.000302320193671961
    -0.000002305328322630
    -0.000151160096835980
     0.000302320193671961
    -0.000117847943951225
     0.013460430123741087
     0.048493452175181737
     0.000000000000000004
     0.048493452175181744
    -0.048493452175181737
    -0.070741642593932813
    -0.000000000000000009
    -0.104217474857196998
    -0.000000000000000004
    -0.000000000000000009
     0.033475832263264199
    -0.000000000000000009
    -0.048493452175181744
    -0.104217474857196998
    -0.000000000000000009
    -0.070741642593932827
     0.000000000000000000
     0.000002305328322630
     0.000004610656645260
     0.000002305328322630
    -0.000002305328322630
    -0.000117847943951225
    -0.000302320193671961
    -0.000151160096835980
    -0.000004610656645260
    -0.000302320193671961
    -0.000571328234459166
    -0.000302320193671961
    -0.000002305328322630
    -0.000151160096835980
    -0.000302320193671961
    -0.000117847943951225
     0.000000000000000000
     0.000000000000000000
     0.000000000000000000
     0.000000000000000000
     0.000000000000000000
    -0.000002336461440216
     0.000007161528913927
    -0.000035807644569633
     0.000000000000000000
     0.000007161528913927
    -0.000002336461440216
     0.000035807644569633
     0.000000000000000000
    -0.000035807644569633
     0.000035807644569633
    -0.000174213155374457
     0.000000000000000000
     0.000000000000000000
     0.000000000000000000
     0.000000000000000000
     0.000000000000000000
    -0.000174213155374457
     0.000035807644569633
    -0.000035807644569633
     0.000000000000000000
     0.000035807644569633
    -0.000002336461440216
     0.000007161528913927
     0.000000000000000000
    -0.000035807644569633
     0.000007161528913927
    -0.000002336461440216
     0.002223002780088185
    -0.006216143378337941
    -0.018648430135013824
    -0.006216143378337943
     0.006216143378337941
     0.002219287759762940
    -0.024410386024330110
    -0.008136795341443372
     0.018648430135013824
    -0.024410386024330110
    -0.062875074971784031
    -0.024410386024330110
     0.006216143378337943
    -0.008136795341443372
    -0.024410386024330110
     0.002219287759762933
     0.208133247148469536
    -0.228310823577526190
     0.228310823577526245
    -0.228310823577526328
     0.228310823577526190
     0.039643649807533737
     0.200537877269686693
    -0.200537877269686721
    -0.228310823577526245
     0.200537877269686693
     0.039643649807533710
     0.200537877269686804
     0.228310823577526328
    -0.200537877269686721
     0.200537877269686748
     0.039643649807533619
     0.000000000000000000
     0.000000000000000000
     0.000000000000000000
     0.000000000000000000
     0.000000000000000000
    -0.000002336461440216
     0.000035807644569633
    -0.000007161528913927
     0.000000000000000000
     0.000035807644569633
    -0.000174213155374457
     0.000035807644569633
     0.000000000000000000
    -0.000007161528913927
     0.000035807644569633
    -0.000002336461440216
     0.000000410434164100
     0.000290566905638958
    -0.000290566905638958
    -0.000096855635212986
    -0.000290566905638958
    -0.002743545724296765
     0.003137883496916060
     0.001045961165638685
     0.000290566905638958
     0.003137883496916060
    -0.002743545724296765
    -0.001045961165638685
     0.000096855635212986
     0.001045961165638685
    -0.001045961165638685
     0.000045684050739733
     0.002223002780088185
     0.018648430135013824
     0.006216143378337941
    -0.006216143378337933
    -0.018648430135013824
    -0.062875074971784045
    -0.024410386024330110
     0.024410386024330086
    -0.006216143378337941
    -0.024410386024330110
     0.002219287759762937
     0.008136795341443360
     0.006216143378337933
     0.024410386024330086
     0.008136795341443360
     0.002219287759762951
     0.000000410434164100
    -0.000096855635212986
    -0.000290566905638958
     0.000290566905638958
     0.000096855635212986
     0.000045684050739732
    -0.001045961165638687
     0.001045961165638687
     0.000290566905638958
    -0.001045961165638687
    -0.002743545724296765
     0.003137883496916059
    -0.000290566905638958
     0.001045961165638687
     0.003137883496916059
    -0.002743545724296764
     0.002223002780088185
    -0.006216143378337943
     0.006216143378337941
     0.018648430135013820
     0.006216143378337943
     0.002219287759762923
     0.008136795341443374
     0.024410386024330120
    -0.006216143378337941
     0.008136795341443374
     0.002219287759762937
    -0.024410386024330107
    -0.018648430135013820
     0.024410386024330120
    -0.024410386024330107
    -0.062875074971784017
     0.000000000000000000
     0.000000000000000000
     0.000000000000000000
     0.000000000000000000
     0.000000000000000000
    -0.000059628692751630
     0.000064453760225340
    -0.000064453760225340
     0.000000000000000000
     0.000064453760225340
    -0.000059628692751630
     0.000064453760225340
     0.000000000000000000
    -0.000064453760225340
     0.000064453760225340
    -0.000059628692751630
     0.000000410434164100
     0.000290566905638958
     0.000096855635212986
     0.000290566905638958
    -0.000290566905638958
    -0.002743545724296765
    -0.001045961165638687
    -0.003137883496916058
    -0.000096855635212986
    -0.001045961165638687
     0.000045684050739733
    -0.001045961165638687
    -0.000290566905638958
    -0.003137883496916058
    -0.001045961165638687
    -0.002743545724296764
     0.000000000000000000
    -0.000004610656645260
    -0.000002305328322630
    -0.000002305328322630
     0.000004610656645260
    -0.000571328234459166
    -0.000302320193671961
    -0.000302320193671961
     0.000002305328322630
    -0.000302320193671961
    -0.000117847943951225
    -0.000151160096835980
     0.000002305328322630
    -0.000302320193671961
    -0.000151160096835980
    -0.000117847943951226
     0.000000000000000000
    -0.000004610656645260
     0.000002305328322630
    -0.000002305328322630
     0.000004610656645260
    -0.000571328234459166
     0.000302320193671961
    -0.000302320193671961
    -0.000002305328322630
     0.000302320193671961
    -0.000117847943951225
     0.000151160096835980
     0.000002305328322630
    -0.000302320193671961
     0.000151160096835980
    -0.000117847943951226
     0.013460430123741087
     0.000000000000000006
    -0.048493452175181737
    -0.048493452175181750
    -0.000000000000000006
     0.033475832263264199
     0.000000000000000013
     0.000000000000000013
     0.048493452175181737
     0.000000000000000013
    -0.070741642593932813
    -0.104217474857197012
     0.048493452175181750
     0.000000000000000013
    -0.104217474857197026
    -0.070741642593932841
     0.013460430123741087
     0.000000000000000006
     0.048493452175181744
    -0.048493452175181737
    -0.000000000000000006
     0.033475832263264185
    -0.000000000000000013
     0.000000000000000013
    -0.048493452175181744
    -0.000000000000000013
    -0.070741642593932841
     0.104217474857197012
     0.048493452175181737
     0.000000000000000013
     0.104217474857196998
    -0.070741642593932785
     0.000000000000000000
     0.000004610656645260
    -0.000002305328322630
    -0.000002305328322630
    -0.000004610656645260
    -0.000571328234459165
     0.000302320193671960
     0.000302320193671960
     0.000002305328322630
     0.000302320193671960
    -0.000117847943951225
    -0.000151160096835980
     0.000002305328322630
     0.000302320193671960
    -0.000151160096835980
    -0.000117847943951225
     0.000000000000000000
     0.000004610656645260
     0.000002305328322630
    -0.000002305328322630
    -0.000004610656645260
    -0.000571328234459165
    -0.000302320193671960
     0.000302320193671960
    -0.000002305328322630
    -0.000302320193671960
    -0.000117847943951225
     0.000151160096835980
     0.000002305328322630
     0.000302320193671960
     0.000151160096835980
    -0.000117847943951225
     0.000000000000000000
    -0.000004610656645260
    -0.000002305328322630
     0.000002305328322630
     0.000004610656645260
    -0.000571328234459166
    -0.000302320193671961
     0.000302320193671961
     0.000002305328322630
    -0.000302320193671961
    -0.000117847943951225
     0.000151160096835980
    -0.000002305328322630
     0.000302320193671961
     0.000151160096835980
    -0.000117847943951225
     0.000000000000000000
    -0.000004610656645260
     0.000002305328322630
     0.000002305328322630
     0.000004610656645260
    -0.000571328234459166
     0.000302320193671961
     0.000302320193671961
    -0.000002305328322630
     0.000302320193671961
    -0.000117847943951225
    -0.000151160096835980
    -0.000002305328322630
     0.000302320193671961
    -0.000151160096835980
    -0.000117847943951225
     0.013460430123741087
     0.000000000000000000
    -0.048493452175181737
     0.048493452175181750
     0.000000000000000000
     0.033475832263264199
     0.000000000000000000
     0.000000000000000000
     0.048493452175181737
     0.000000000000000000
    -0.070741642593932813
     0.104217474857197012
    -0.048493452175181750
     0.000000000000000000
     0.104217474857197026
    -0.070741642593932841
     0.013460430123741087
     0.000000000000000000
     0.048493452175181744
     0.048493452175181737
     0.000000000000000000
     0.033475832263264185
     0.000000000000000000
     0.000000000000000000
    -0.048493452175181744
     0.000000000000000000
    -0.070741642593932841
    -0.104217474857197012
    -0.048493452175181737
     0.000000000000000000
    -0.104217474857196998
    -0.070741642593932785
     0.000000000000000000
     0.000004610656645260
    -0.000002305328322630
     0.000002305328322630
    -0.000004610656645260
    -0.000571328234459165
     0.000302320193671960
    -0.000302320193671960
     0.000002305328322630
     0.000302320193671960
    -0.000117847943951225
     0.000151160096835980
    -0.000002305328322630
    -0.000302320193671960
     0.000151160096835980
    -0.000117847943951225
     0.000000000000000000
     0.000004610656645260
     0.000002305328322630
     0.000002305328322630
    -0.000004610656645260
    -0.000571328234459165
    -0.000302320193671960
    -0.000302320193671960
    -0.000002305328322630
    -0.000302320193671960
    -0.000117847943951225
    -0.000151160096835980
    -0.000002305328322630
    -0.000302320193671960
    -0.000151160096835980
    -0.000117847943951225
     0.000000000000000000
     0.000000000000000000
     0.000000000000000000
     0.000000000000000000
     0.000000000000000000
    -0.000002336461440216
     0.000007161528913927
     0.000035807644569633
     0.000000000000000000
     0.000007161528913927
    -0.000002336461440216
    -0.000035807644569633
     0.000000000000000000
     0.000035807644569633
    -0.000035807644569633
    -0.000174213155374457
     0.002223002780088191
    -0.018648430135013855
    -0.006216143378337954
    -0.006216143378337954
     0.018648430135013855
    -0.062875074971784101
    -0.024410386024330145
    -0.024410386024330148
     0.006216143378337954
    -0.024410386024330145
     0.002219287759762940
    -0.008136795341443386
     0.006216143378337954
    -0.024410386024330148
    -0.008136795341443386
     0.002219287759762930
     0.000000410434164100
    -0.000290566905638958
     0.000290566905638958
    -0.000096855635212986
     0.000290566905638958
    -0.002743545724296763
     0.003137883496916059
    -0.001045961165638686
    -0.000290566905638958
     0.003137883496916059
    -0.002743545724296766
     0.001045961165638687
     0.000096855635212986
    -0.001045961165638686
     0.001045961165638687
     0.000045684050739733
     0.000000000000000000
     0.000000000000000000
     0.000000000000000000
     0.000000000000000000
     0.000000000000000000
    -0.000002336461440216
     0.000035807644569633
     0.000007161528913927
     0.000000000000000000
     0.000035807644569633
    -0.000174213155374457
    -0.000035807644569633
     0.000000000000000000
     0.000007161528913927
    -0.000035807644569633
    -0.000002336461440216
     0.208133247148469536
     0.228310823577526328
    -0.228310823577526245
    -0.228310823577526190
    -0.228310823577526328
     0.039643649807533640
     0.200537877269686748
     0.200537877269686721
     0.228310823577526245
     0.200537877269686748
     0.039643649807533710
    -0.200537877269686721
     0.228310823577526190
     0.200537877269686721
    -0.200537877269686693
     0.039643649807533717
     0.002223002780088185
     0.006216143378337942
     0.018648430135013824
    -0.006216143378337939
    -0.006216143378337942
     0.002219287759762933
    -0.024410386024330110
     0.008136795341443365
    -0.018648430135013824
    -0.024410386024330110
    -0.062875074971784031
     0.024410386024330100
     0.006216143378337939
     0.008136795341443365
     0.024410386024330100
     0.002219287759762940
     0.000000000000000000
     0.000000000000000000
     0.000000000000000000
     0.000000000000000000
     0.000000000000000000
    -0.000174213155374456
     0.000035807644569633
     0.000035807644569633
     0.000000000000000000
     0.000035807644569633
    -0.000002336461440216
    -0.000007161528913927
     0.000000000000000000
     0.000035807644569633
    -0.000007161528913927
    -0.000002336461440216
     0.000000410434164100
    -0.000290566905638958
    -0.000096855635212986
     0.000290566905638958
     0.000290566905638958
    -0.002743545724296766
    -0.001045961165638686
     0.003137883496916058
     0.000096855635212986
    -0.001045961165638686
     0.000045684050739733
     0.001045961165638686
    -0.000290566905638958
     0.003137883496916058
     0.001045961165638686
    -0.002743545724296763
     0.000000000000000000
     0.000000000000000000
     0.000000000000000000
     0.000000000000000000
     0.000000000000000000
    -0.000059628692751630
     0.000064453760225340
     0.000064453760225340
     0.000000000000000000
     0.000064453760225340
    -0.000059628692751630
    -0.000064453760225340
     0.000000000000000000
     0.000064453760225340
    -0.000064453760225340
    -0.000059628692751630
     0.002223002780088185
     0.006216143378337948
    -0.006216143378337939
     0.018648430135013817
    -0.006216143378337948
     0.002219287759762902
     0.008136795341443376
    -0.024410386024330138
     0.006216143378337939
     0.008136795341443376
     0.002219287759762944
     0.024410386024330089
    -0.018648430135013817
    -0.024410386024330138
     0.024410386024330089
    -0.062875074971784004
     0.000000410434164100
     0.000096855635212986
     0.000290566905638958
     0.000290566905638958
    -0.000096855635212986
     0.000045684050739732
    -0.001045961165638688
    -0.001045961165638687
    -0.000290566905638958
    -0.001045961165638688
    -0.002743545724296766
    -0.003137883496916058
    -0.000290566905638958
    -0.001045961165638687
    -0.003137883496916058
    -0.002743545724296762
     0.000000000000000000
     0.000000000000000000
     0.000000000000000000
     0.000000000000000000
     0.000000000000000000
    -0.000002336461440216
    -0.000007161528913927
    -0.000035807644569633
     0.000000000000000000
    -0.000007161528913927
    -0.000002336461440216
    -0.000035807644569633
     0.000000000000000000
    -0.000035807644569633
    -0.000035807644569633
    -0.000174213155374457
     0.000000000000000000
     0.000000000000000000
     0.000000000000000000
     0.000000000000000000
     0.000000000000000000
    -0.000174213155374457
    -0.000035807644569633
    -0.000035807644569633
     0.000000000000000000
    -0.000035807644569633
    -0.000002336461440216
    -0.000007161528913927
     0.000000000000000000
    -0.000035807644569633
    -0.000007161528913927
    -0.000002336461440216
     0.000000000000000000
     0.000000000000000000
     0.000000000000000000
     0.000000000000000000
     0.000000000000000000
    -0.000002336461440216
    -0.000035807644569633
    -0.000007161528913927
     0.000000000000000000
    -0.000035807644569633
    -0.000174213155374457
    -0.000035807644569633
     0.000000000000000000
    -0.000007161528913927
    -0.000035807644569633
    -0.000002336461440216
     0.208133247148469536
    -0.228310823577526190
    -0.228310823577526245
    -0.228310823577526328
     0.228310823577526190
     0.039643649807533737
    -0.200537877269686693
    -0.200537877269686721
     0.228310823577526245
    -0.200537877269686693
     0.039643649807533710
    -0.200537877269686804
     0.228310823577526328
    -0.200537877269686721
    -0.200537877269686748
     0.039643649807533619
     0.002223002780088185
    -0.006216143378337939
     0.018648430135013824
    -0.006216143378337942
     0.006216143378337939
     0.002219287759762940
     0.024410386024330100
    -0.008136795341443365
    -0.018648430135013824
     0.024410386024330100
    -0.062875074971784031
     0.024410386024330110
     0.006216143378337942
    -0.008136795341443365
     0.024410386024330110
     0.002219287759762933
     0.002223002780088185
     0.018648430135013820
    -0.006216143378337939
    -0.006216143378337941
    -0.018648430135013820
    -0.062875074971784031
     0.024410386024330096
     0.024410386024330110
     0.006216143378337939
     0.024410386024330096
     0.002219287759762944
    -0.008136795341443367
     0.006216143378337941
     0.024410386024330110
    -0.008136795341443367
     0.002219287759762923
     0.000000410434164100
     0.000290566905638957
     0.000290566905638957
    -0.000096855635212986
    -0.000290566905638957
    -0.002743545724296759
    -0.003137883496916053
     0.001045961165638684
    -0.000290566905638957
    -0.003137883496916053
    -0.002743545724296759
     0.001045961165638684
     0.000096855635212986
     0.001045961165638684
     0.001045961165638684
     0.000045684050739732
     0.002223002780088185
    -0.006216143378337943
    -0.006216143378337939
     0.018648430135013820
     0.006216143378337943
     0.002219287759762920
    -0.008136795341443371
     0.024410386024330120
     0.006216143378337939
    -0.008136795341443371
     0.002219287759762944
     0.024410386024330096
    -0.018648430135013820
     0.024410386024330120
     0.024410386024330096
    -0.062875074971784017
     0.000000410434164100
    -0.000096855635212986
     0.000290566905638957
     0.000290566905638957
     0.000096855635212986
     0.000045684050739732
     0.001045961165638685
     0.001045961165638685
    -0.000290566905638957
     0.001045961165638685
    -0.002743545724296759
    -0.003137883496916053
    -0.000290566905638957
     0.001045961165638685
    -0.003137883496916053
    -0.002743545724296759
     0.000000410434164100
     0.000290566905638957
    -0.000096855635212986
     0.000290566905638957
    -0.000290566905638957
    -0.002743545724296760
     0.001045961165638684
    -0.003137883496916052
     0.000096855635212986
     0.001045961165638684
     0.000045684050739733
     0.001045961165638684
    -0.000290566905638957
    -0.003137883496916052
     0.001045961165638684
    -0.002743545724296759
     0.000000000000000000
     0.000000000000000000
     0.000000000000000000
     0.000000000000000000
     0.000000000000000000
    -0.000059628692751630
    -0.000064453760225340
    -0.000064453760225340
     0.000000000000000000
    -0.000064453760225340
    -0.000059628692751630
    -0.000064453760225340
     0.000000000000000000
    -0.000064453760225340
    -0.000064453760225340
    -0.000059628692751630
     0.000000000000000000
     0.000000000000000000
     0.000000000000000000
     0.000000000000000000
     0.000000000000000000
    -0.000000942943750786
     0.000000000000000000
    -0.000000957468660068
     0.000000000000000000
     0.000000000000000000
     0.000000014524909282
     0.000000000000000000
     0.000000000000000000
    -0.000000957468660068
     0.000000000000000000
    -0.000000942943750786
     0.000000000000000000
     0.000000000000000000
     0.000000000000000000
     0.000000000000000000
     0.000000000000000000
     0.000000014524909282
     0.000000000000000000
     0.000000000000000000
     0.000000000000000000
     0.000000000000000000
    -0.000000942943750786
    -0.000000957468660068
     0.000000000000000000
     0.000000000000000000
    -0.000000957468660068
    -0.000000942943750786
     0.000048348156170903
     0.000000000000000000
     0.000000000000000000
    -0.002145607450492697
    -0.000000000000000000
     0.001408621825474683
    -0.000000000000000000
     0.000000000000000002
    -0.000000000000000000
    -0.000000000000000000
     0.001408621825474686
     0.000000000000000001
     0.002145607450492697
     0.000000000000000002
     0.000000000000000001
    -0.017086397398056972
     0.000000000000000000
     0.000000000000000000
     0.000000000000000000
     0.000000000000000000
     0.000000000000000000
     0.000000014524909282
    -0.000000000000000000
     0.000000000000000000
     0.000000000000000000
    -0.000000000000000000
    -0.000000942943750786
     0.000000957468660068
     0.000000000000000000
     0.000000000000000000
     0.000000957468660068
    -0.000000942943750786
     0.000000000000000000
     0.000000000000000000
     0.000000000000000000
     0.000000000000000000
     0.000000000000000000
    -0.000000942943750786
    -0.000000000000000000
     0.000000957468660068
     0.000000000000000000
    -0.000000000000000000
     0.000000014524909282
     0.000000000000000000
     0.000000000000000000
     0.000000957468660068
     0.000000000000000000
    -0.000000942943750786
     0.000000000000000000
     0.000000000000000000
     0.000000000000000000
     0.000000000000000000
     0.000000000000000000
    -0.000000942943750786
    -0.000000957468660068
    -0.000000000000000000
     0.000000000000000000
    -0.000000957468660068
    -0.000000942943750786
    -0.000000000000000000
     0.000000000000000000
    -0.000000000000000000
    -0.000000000000000000
     0.000000014524909282
     0.000048348156170903
    -0.002145607450492697
     0.000000000000000000
    -0.000000000000000000
     0.002145607450492697
    -0.017086397398056972
     0.000000000000000001
    -0.000000000000000003
    -0.000000000000000000
     0.000000000000000001
     0.001408621825474686
     0.000000000000000000
     0.000000000000000000
    -0.000000000000000003
     0.000000000000000000
     0.001408621825474685
     0.000000000000000000
     0.000000000000000000
     0.000000000000000000
     0.000000000000000000
     0.000000000000000000
    -0.000000942943750786
     0.000000957468660068
    -0.000000000000000000
     0.000000000000000000
     0.000000957468660068
    -0.000000942943750786
     0.000000000000000000
     0.000000000000000000
    -0.000000000000000000
     0.000000000000000000
     0.000000014524909282
     0.000048348156170903
     0.000000000000000000
    -0.002145607450492697
     0.000000000000000000
     0.000000000000000000
     0.001408621825474686
     0.000000000000000000
     0.000000000000000000
     0.002145607450492697
     0.000000000000000000
    -0.017086397398056972
     0.000000000000000002
    -0.000000000000000000
     0.000000000000000000
     0.000000000000000002
     0.001408621825474686
     0.999999954731785490
     0.000000000000000000
     0.000000000000000000
     0.000000000000000000
     0.000000000000000000
     0.999999847004031772
     0.000000000000000000
     0.000000000000000000
     0.000000000000000000
     0.000000000000000000
     0.999999847004031772
     0.000000000000000000
     0.000000000000000000
     0.000000000000000000
     0.000000000000000000
     0.999999847004031772
     0.000048348156170903
     0.000000000000000000
     0.002145607450492697
     0.000000000000000000
     0.000000000000000000
     0.001408621825474686
     0.000000000000000000
     0.000000000000000000
    -0.002145607450492697
     0.000000000000000000
    -0.017086397398056972
     0.000000000000000000
     0.000000000000000000
     0.000000000000000000
     0.000000000000000000
     0.001408621825474686
     0.000000000000000000
     0.000000000000000000
     0.000000000000000000
     0.000000000000000000
     0.000000000000000000
    -0.000000942943750786
     0.000000957468660068
    -0.000000000000000000
     0.000000000000000000
     0.000000957468660068
    -0.000000942943750786
     0.000000000000000000
     0.000000000000000000
    -0.000000000000000000
     0.000000000000000000
     0.000000014524909282
     0.000048348156170902
     0.002145607450492692
     0.000000000000000000
     0.000000000000000000
    -0.002145607450492692
    -0.017086397398056941
    -0.000000000000000001
    -0.000000000000000001
    -0.000000000000000000
    -0.000000000000000001
     0.001408621825474683
    -0.000000000000000000
    -0.000000000000000000
    -0.000000000000000001
    -0.000000000000000000
     0.001408621825474681
     0.000000000000000000
     0.000000000000000000
     0.000000000000000000
     0.000000000000000000
     0.000000000000000000
    -0.000000942943750786
    -0.000000957468660068
    -0.000000000000000000
     0.000000000000000000
    -0.000000957468660068
    -0.000000942943750786
    -0.000000000000000000
     0.000000000000000000
    -0.000000000000000000
    -0.000000000000000000
     0.000000014524909282
     0.000000000000000000
     0.000000000000000000
     0.000000000000000000
     0.000000000000000000
     0.000000000000000000
    -0.000000942943750786
     0.000000000000000000
     0.000000957468660068
     0.000000000000000000
     0.000000000000000000
     0.000000014524909282
    -0.000000000000000000
     0.000000000000000000
     0.000000957468660068
    -0.000000000000000000
    -0.000000942943750786
     0.000000000000000000
     0.000000000000000000
     0.000000000000000000
     0.000000000000000000
     0.000000000000000000
     0.000000014524909282
     0.000000000000000000
     0.000000000000000000
     0.000000000000000000
     0.000000000000000000
    -0.000000942943750786
     0.000000957468660068
     0.000000000000000000
     0.000000000000000000
     0.000000957468660068
    -0.000000942943750786
     0.000048348156170902
     0.000000000000000000
     0.000000000000000000
     0.002145607450492692
     0.000000000000000000
     0.001408621825474680
     0.000000000000000000
     0.000000000000000000
    -0.000000000000000000
     0.000000000000000000
     0.001408621825474683
    -0.000000000000000001
    -0.002145607450492692
     0.000000000000000000
    -0.000000000000000001
    -0.017086397398056941
     0.000000000000000000
     0.000000000000000000
     0.000000000000000000
     0.000000000000000000
     0.000000000000000000
     0.000000014524909282
     0.000000000000000000
     0.000000000000000000
     0.000000000000000000
     0.000000000000000000
    -0.000000942943750786
    -0.000000957468660068
     0.000000000000000000
     0.000000000000000000
    -0.000000957468660068
    -0.000000942943750786
     0.000000000000000000
     0.000000000000000000
     0.000000000000000000
     0.000000000000000000
     0.000000000000000000
    -0.000000942943750786
    -0.000000000000000000
    -0.000000957468660068
     0.000000000000000000
    -0.000000000000000000
     0.000000014524909282
    -0.000000000000000000
     0.000000000000000000
    -0.000000957468660068
    -0.000000000000000000
    -0.000000942943750786
     0.000000000000000000
    -0.000002305328322630
    -0.000002305328322630
    -0.000004610656645260
     0.000002305328322630
    -0.000117847943951225
    -0.000151160096835980
    -0.000302320193671961
     0.000002305328322630
    -0.000151160096835980
    -0.000117847943951225
    -0.000302320193671961
     0.000004610656645260
    -0.000302320193671961
    -0.000302320193671961
    -0.000571328234459166
     0.000000000000000000
    -0.000002305328322630
     0.000002305328322630
    -0.000004610656645260
     0.000002305328322630
    -0.000117847943951225
     0.000151160096835980
    -0.000302320193671961
    -0.000002305328322630
     0.000151160096835980
    -0.000117847943951225
     0.000302320193671961
     0.000004610656645260
    -0.000302320193671961
     0.000302320193671961
    -0.000571328234459166
     0.000000000000000000
     0.000002305328322630
    -0.000002305328322630
    -0.000004610656645260
    -0.000002305328322630
    -0.000117847943951225
     0.000151160096835980
     0.000302320193671961
     0.000002305328322630
     0.000151160096835980
    -0.000117847943951225
    -0.000302320193671961
     0.000004610656645260
     0.000302320193671961
    -0.000302320193671961
    -0.000571328234459166
     0.000000000000000000
     0.000002305328322630
     0.000002305328322630
    -0.000004610656645260
    -0.000002305328322630
    -0.000117847943951225
    -0.000151160096835980
     0.000302320193671961
    -0.000002305328322630
    -0.000151160096835980
    -0.000117847943951225
     0.000302320193671961
     0.000004610656645260
     0.000302320193671961
     0.000302320193671961
    -0.000571328234459166
     0.013460430123741087
    -0.048493452175181750
    -0.048493452175181737
    -0.000000000000000009
     0.048493452175181750
    -0.070741642593932841
    -0.104217474857197026
    -0.000000000000000019
     0.048493452175181737
    -0.104217474857197026
    -0.070741642593932813
    -0.000000000000000019
     0.000000000000000009
    -0.000000000000000019
    -0.000000000000000019
     0.033475832263264199
     0.013460430123741070
    -0.048493452175181695
     0.048493452175181702
    -0.000000000000000009
     0.048493452175181695
    -0.070741642593932758
     0.104217474857196943
    -0.000000000000000019
    -0.048493452175181702
     0.104217474857196943
    -0.070741642593932813
     0.000000000000000019
     0.000000000000000009
    -0.000000000000000019
     0.000000000000000019
     0.033475832263264171
     0.013460430123741101
     0.048493452175181778
    -0.048493452175181764
     0.000000000000000003
    -0.048493452175181778
    -0.070741642593932869
     0.104217474857197054
    -0.000000000000000006
     0.048493452175181764
     0.104217474857197054
    -0.070741642593932827
     0.000000000000000006
    -0.000000000000000003
    -0.000000000000000006
     0.000000000000000006
     0.033475832263264220
     0.013460430123741087
     0.048493452175181730
     0.048493452175181750
     0.000000000000000003
    -0.048493452175181730
    -0.070741642593932758
    -0.104217474857196984
    -0.000000000000000006
    -0.048493452175181750
    -0.104217474857196984
    -0.070741642593932855
    -0.000000000000000006
    -0.000000000000000003
    -0.000000000000000006
    -0.000000000000000006
     0.033475832263264171
     0.000000000000000000
    -0.000002305328322630
    -0.000002305328322630
     0.000004610656645260
     0.000002305328322630
    -0.000117847943951225
    -0.000151160096835980
     0.000302320193671960
     0.000002305328322630
    -0.000151160096835980
    -0.000117847943951225
     0.000302320193671960
    -0.000004610656645260
     0.000302320193671960
     0.000302320193671960
    -0.000571328234459165
     0.000000000000000000
    -0.000002305328322630
     0.000002305328322630
     0.000004610656645260
     0.000002305328322630
    -0.000117847943951225
     0.000151160096835980
     0.000302320193671960
    -0.000002305328322630
     0.000151160096835980
    -0.000117847943951225
    -0.000302320193671960
    -0.000004610656645260
     0.000302320193671960
    -0.000302320193671960
    -0.000571328234459165
     0.000000000000000000
     0.000002305328322630
    -0.000002305328322630
     0.000004610656645260
    -0.000002305328322630
    -0.000117847943951225
     0.000151160096835980
    -0.000302320193671960
     0.000002305328322630
     0.000151160096835980
    -0.000117847943951225
     0.000302320193671960
    -0.000004610656645260
    -0.000302320193671960
     0.000302320193671960
    -0.000571328234459165
     0.000000000000000000
     0.000002305328322630
     0.000002305328322630
     0.000004610656645260
    -0.000002305328322630
    -0.000117847943951225
    -0.000151160096835980
    -0.000302320193671960
    -0.000002305328322630
    -0.000151160096835980
    -0.000117847943951225
    -0.000302320193671960
    -0.000004610656645260
    -0.000302320193671960
    -0.000302320193671960
    -0.000571328234459165
     0.000000000000000000
     0.000000000000000000
     0.000000000000000000
     0.000000000000000000
     0.000000000000000000
    -0.000002336461440216
    -0.000007161528913927
     0.000035807644569633
     0.000000000000000000
    -0.000007161528913927
    -0.000002336461440216
     0.000035807644569633
     0.000000000000000000
     0.000035807644569633
     0.000035807644569633
    -0.000174213155374457
     0.000000410434164100
    -0.000290566905638957
    -0.000290566905638957
    -0.000096855635212986
     0.000290566905638957
    -0.002743545724296759
    -0.003137883496916053
    -0.001045961165638684
     0.000290566905638957
    -0.003137883496916053
    -0.002743545724296759
    -0.001045961165638685
     0.000096855635212986
    -0.001045961165638684
    -0.001045961165638685
     0.000045684050739732
     0.002223002780088185
    -0.018648430135013820
     0.006216143378337941
    -0.006216143378337943
     0.018648430135013820
    -0.062875074971784017
     0.024410386024330107
    -0.024410386024330117
    -0.006216143378337941
     0.024410386024330107
     0.002219287759762937
     0.008136795341443372
     0.006216143378337943
    -0.024410386024330117
     0.008136795341443372
     0.002219287759762923
     0.002223002780088185
     0.006216143378337943
    -0.018648430135013824
    -0.006216143378337941
    -0.006216143378337943
     0.002219287759762933
     0.024410386024330110
     0.008136795341443372
     0.018648430135013824
     0.024410386024330110
    -0.062875074971784031
    -0.024410386024330110
     0.006216143378337941
     0.008136795341443372
    -0.024410386024330110
     0.002219287759762940
     0.208133247148469536
     0.228310823577526328
     0.228310823577526245
    -0.228310823577526190
    -0.228310823577526328
     0.039643649807533640
    -0.200537877269686748
     0.200537877269686721
    -0.228310823577526245
    -0.200537877269686748
     0.039643649807533710
     0.200537877269686721
     0.228310823577526190
     0.200537877269686721
     0.200537877269686693
     0.039643649807533717
     0.000000000000000000
     0.000000000000000000
     0.000000000000000000
     0.000000000000000000
     0.000000000000000000
    -0.000002336461440216
    -0.000035807644569633
     0.000007161528913927
     0.000000000000000000
    -0.000035807644569633
    -0.000174213155374456
     0.000035807644569633
     0.000000000000000000
     0.000007161528913927
     0.000035807644569633
    -0.000002336461440216
     0.000000000000000000
     0.000000000000000000
     0.000000000000000000
     0.000000000000000000
     0.000000000000000000
    -0.000174213155374457
    -0.000035807644569633
     0.000035807644569633
     0.000000000000000000
    -0.000035807644569633
    -0.000002336461440216
     0.000007161528913927
     0.000000000000000000
     0.000035807644569633
     0.000007161528913927
    -0.000002336461440216
     0.000000000000000000
     0.000000000000000000
     0.000000000000000000
     0.000000000000000000
     0.000000000000000000
    -0.000059628692751630
    -0.000064453760225340
     0.000064453760225340
     0.000000000000000000
    -0.000064453760225340
    -0.000059628692751630
     0.000064453760225340
     0.000000000000000000
     0.000064453760225340
     0.000064453760225340
    -0.000059628692751630
     0.000000410434164100
    -0.000290566905638957
     0.000096855635212986
     0.000290566905638957
     0.000290566905638957
    -0.002743545724296761
     0.001045961165638685
     0.003137883496916052
    -0.000096855635212986
     0.001045961165638685
     0.000045684050739732
    -0.001045961165638684
    -0.000290566905638957
     0.003137883496916052
    -0.001045961165638684
    -0.002743545724296758
     0.000000410434164100
     0.000096855635212986
    -0.000290566905638958
     0.000290566905638958
    -0.000096855635212986
     0.000045684050739732
     0.001045961165638687
    -0.001045961165638687
     0.000290566905638958
     0.001045961165638687
    -0.002743545724296765
     0.003137883496916059
    -0.000290566905638958
    -0.001045961165638687
     0.003137883496916059
    -0.002743545724296764
     0.002223002780088185
     0.006216143378337943
     0.006216143378337941
     0.018648430135013820
    -0.006216143378337943
     0.002219287759762923
    -0.008136795341443372
    -0.024410386024330117
    -0.006216143378337941
    -0.008136795341443372
     0.002219287759762937
    -0.024410386024330107
    -0.018648430135013820
    -0.024410386024330117
    -0.024410386024330107
    -0.062875074971784017
     0.000000410434164100
    -0.000290566905638957
    -0.000096855635212986
    -0.000290566905638957
     0.000290566905638957
    -0.002743545724296759
    -0.001045961165638684
    -0.003137883496916052
     0.000096855635212986
    -0.001045961165638684
     0.000045684050739733
    -0.001045961165638684
     0.000290566905638957
    -0.003137883496916052
    -0.001045961165638684
    -0.002743545724296761
     0.000000000000000000
     0.000000000000000000
     0.000000000000000000
     0.000000000000000000
     0.000000000000000000
    -0.000059628692751630
     0.000064453760225340
    -0.000064453760225340
     0.000000000000000000
     0.000064453760225340
    -0.000059628692751630
     0.000064453760225340
     0.000000000000000000
    -0.000064453760225340
     0.000064453760225340
    -0.000059628692751630
     0.002223002780088185
     0.006216143378337941
    -0.006216143378337939
    -0.018648430135013820
    -0.006216143378337941
     0.002219287759762923
     0.008136795341443367
     0.024410386024330110
     0.006216143378337939
     0.008136795341443367
     0.002219287759762944
    -0.024410386024330096
     0.018648430135013820
     0.024410386024330110
    -0.024410386024330096
    -0.062875074971784031
     0.000000410434164100
     0.000096855635212986
     0.000290566905638958
    -0.000290566905638958
    -0.000096855635212986
     0.000045684050739733
    -0.001045961165638687
     0.001045961165638686
    -0.000290566905638958
    -0.001045961165638687
    -0.002743545724296766
     0.003137883496916059
     0.000290566905638958
     0.001045961165638686
     0.003137883496916059
    -0.002743545724296763
     0.002223002780088185
    -0.018648430135013824
    -0.006216143378337939
     0.006216143378337937
     0.018648430135013824
    -0.062875074971784045
    -0.024410386024330100
     0.024410386024330089
     0.006216143378337939
    -0.024410386024330100
     0.002219287759762944
     0.008136795341443360
    -0.006216143378337937
     0.024410386024330089
     0.008136795341443360
     0.002219287759762933
     0.000000410434164100
    -0.000290566905638958
     0.000290566905638958
     0.000096855635212986
     0.000290566905638958
    -0.002743545724296764
     0.003137883496916059
     0.001045961165638685
    -0.000290566905638958
     0.003137883496916059
    -0.002743545724296766
    -0.001045961165638685
    -0.000096855635212986
     0.001045961165638685
    -0.001045961165638685
     0.000045684050739734
     0.000000000000000000
     0.000000000000000000
     0.000000000000000000
     0.000000000000000000
     0.000000000000000000
    -0.000002336461440216
     0.000035807644569634
    -0.000007161528913927
     0.000000000000000000
     0.000035807644569634
    -0.000174213155374458
     0.000035807644569634
     0.000000000000000000
    -0.000007161528913927
     0.000035807644569634
    -0.000002336461440216
     0.208133247148469674
     0.228310823577526439
    -0.228310823577526356
     0.228310823577526301
    -0.228310823577526439
     0.039643649807533723
     0.200537877269686804
    -0.200537877269686748
     0.228310823577526356
     0.200537877269686804
     0.039643649807533786
     0.200537877269686748
    -0.228310823577526301
    -0.200537877269686748
     0.200537877269686721
     0.039643649807533786
     0.002223002780088185
     0.006216143378337942
     0.018648430135013824
     0.006216143378337939
    -0.006216143378337942
     0.002219287759762933
    -0.024410386024330110
    -0.008136795341443365
    -0.018648430135013824
    -0.024410386024330110
    -0.062875074971784031
    -0.024410386024330100
    -0.006216143378337939
    -0.008136795341443365
    -0.024410386024330100
     0.002219287759762940
     0.000000000000000000
     0.000000000000000000
     0.000000000000000000
     0.000000000000000000
     0.000000000000000000
    -0.000174213155374457
     0.000035807644569633
    -0.000035807644569633
     0.000000000000000000
     0.000035807644569633
    -0.000002336461440216
     0.000007161528913927
     0.000000000000000000
    -0.000035807644569633
     0.000007161528913927
    -0.000002336461440216
     0.000000000000000000
     0.000000000000000000
     0.000000000000000000
     0.000000000000000000
     0.000000000000000000
    -0.000002336461440216
     0.000007161528913927
    -0.000035807644569633
     0.000000000000000000
     0.000007161528913927
    -0.000002336461440216
     0.000035807644569633
     0.000000000000000000
    -0.000035807644569633
     0.000035807644569633
    -0.000174213155374457
     0.000000000000000000
    -0.000002305328322630
    -0.000004610656645260
    -0.000002305328322630
     0.000002305328322630
    -0.000117847943951225
    -0.000302320193671961
    -0.000151160096835980
     0.000004610656645260
    -0.000302320193671961
    -0.000571328234459166
    -0.000302320193671961
     0.000002305328322630
    -0.000151160096835980
    -0.000302320193671961
    -0.000117847943951225
     0.013460430123741070
    -0.048493452175181695
     0.000000000000000004
    -0.048493452175181709
     0.048493452175181695
    -0.070741642593932758
     0.000000000000000009
    -0.104217474857196943
    -0.000000000000000004
     0.000000000000000009
     0.033475832263264185
     0.000000000000000009
     0.048493452175181709
    -0.104217474857196943
     0.000000000000000009
    -0.070741642593932813
     0.000000000000000000
    -0.000002305328322630
     0.000004610656645260
    -0.000002305328322630
     0.000002305328322630
    -0.000117847943951225
     0.000302320193671961
    -0.000151160096835980
    -0.000004610656645260
     0.000302320193671961
    -0.000571328234459166
     0.000302320193671961
     0.000002305328322630
    -0.000151160096835980
     0.000302320193671961
    -0.000117847943951225
     0.000000000000000000
     0.000002305328322630
    -0.000004610656645260
    -0.000002305328322630
    -0.000002305328322630
    -0.000117847943951225
     0.000302320193671961
     0.000151160096835980
     0.000004610656645260
     0.000302320193671961
    -0.000571328234459166
    -0.000302320193671961
     0.000002305328322630
     0.000151160096835980
    -0.000302320193671961
    -0.000117847943951225
     0.013460430123741087
     0.048493452175181750
     0.000000000000000004
    -0.048493452175181737
    -0.048493452175181750
    -0.070741642593932841
    -0.000000000000000009
     0.104217474857196998
    -0.000000000000000004
    -0.000000000000000009
     0.033475832263264199
     0.000000000000000009
     0.048493452175181737
     0.104217474857196998
     0.000000000000000009
    -0.070741642593932813
     0.000000000000000000
     0.000002305328322630
     0.000004610656645260
    -0.000002305328322630
    -0.000002305328322630
    -0.000117847943951225
    -0.000302320193671961
     0.000151160096835980
    -0.000004610656645260
    -0.000302320193671961
    -0.000571328234459166
     0.000302320193671961
     0.000002305328322630
     0.000151160096835980
     0.000302320193671961
    -0.000117847943951225
     0.000000000000000000
    -0.000002305328322630
    -0.000004610656645260
     0.000002305328322630
     0.000002305328322630
    -0.000117847943951225
    -0.000302320193671961
     0.000151160096835980
     0.000004610656645260
    -0.000302320193671961
    -0.000571328234459166
     0.000302320193671961
    -0.000002305328322630
     0.000151160096835980
     0.000302320193671961
    -0.000117847943951225
     0.013460430123741087
    -0.048493452175181750
     0.000000000000000004
     0.048493452175181730
     0.048493452175181750
    -0.070741642593932869
     0.000000000000000009
     0.104217474857196998
    -0.000000000000000004
     0.000000000000000009
     0.033475832263264199
    -0.000000000000000009
    -0.048493452175181730
     0.104217474857196998
    -0.000000000000000009
    -0.070741642593932785
     0.000000000000000000
    -0.000002305328322630
     0.000004610656645260
     0.000002305328322630
     0.000002305328322630
    -0.000117847943951225
     0.000302320193671961
     0.000151160096835980
    -0.000004610656645260
     0.000302320193671961
    -0.000571328234459166
    -0.000302320193671961
    -0.000002305328322630
     0.000151160096835980
    -0.000302320193671961
    -0.000117847943951225
     0.000000000000000000
     0.000002305328322630
    -0.000004610656645260
     0.000002305328322630
    -0.000002305328322630
    -0.000117847943951225
     0.000302320193671961
    -0.000151160096835980
     0.000004610656645260
     0.000302320193671961
    -0.000571328234459166
     0.000302320193671961
    -0.000002305328322630
    -0.000151160096835980
     0.000302320193671961
    -0.000117847943951225
     0.013460430123741101
     0.048493452175181778
     0.000000000000000004
     0.048493452175181764
    -0.048493452175181778
    -0.070741642593932869
    -0.000000000000000009
    -0.104217474857197040
    -0.000000000000000004
    -0.000000000000000009
     0.033475832263264220
    -0.000000000000000009
    -0.048493452175181764
    -0.104217474857197040
    -0.000000000000000009
    -0.070741642593932827
     0.000000000000000000
     0.000002305328322630
     0.000004610656645260
     0.000002305328322630
    -0.000002305328322630
    -0.000117847943951225
    -0.000302320193671961
    -0.000151160096835980
    -0.000004610656645260
    -0.000302320193671961
    -0.000571328234459166
    -0.000302320193671961
    -0.000002305328322630
    -0.000151160096835980
    -0.000302320193671961
    -0.000117847943951225
     0.000000410434164100
    -0.000096855635212986
    -0.000290566905638957
    -0.000290566905638957
     0.000096855635212986
     0.000045684050739732
    -0.001045961165638684
    -0.001045961165638684
     0.000290566905638957
    -0.001045961165638684
    -0.002743545724296759
    -0.003137883496916053
     0.000290566905638957
    -0.001045961165638684
    -0.003137883496916053
    -0.002743545724296759
     0.002223002780088185
    -0.006216143378337938
     0.006216143378337941
    -0.018648430135013824
     0.006216143378337938
     0.002219287759762940
     0.008136795341443364
    -0.024410386024330096
    -0.006216143378337941
     0.008136795341443364
     0.002219287759762937
     0.024410386024330110
     0.018648430135013824
    -0.024410386024330096
     0.024410386024330110
    -0.062875074971784031
     0.000000000000000000
     0.000000000000000000
     0.000000000000000000
     0.000000000000000000
     0.000000000000000000
    -0.000059628692751630
     0.000064453760225340
     0.000064453760225340
     0.000000000000000000
     0.000064453760225340
    -0.000059628692751630
    -0.000064453760225340
     0.000000000000000000
     0.000064453760225340
    -0.000064453760225340
    -0.000059628692751630
     0.000000410434164100
     0.000290566905638957
     0.000096855635212986
    -0.000290566905638957
    -0.000290566905638957
    -0.002743545724296760
    -0.001045961165638685
     0.003137883496916052
    -0.000096855635212986
    -0.001045961165638685
     0.000045684050739732
     0.001045961165638684
     0.000290566905638957
     0.003137883496916052
     0.001045961165638684
    -0.002743545724296759
     0.000000000000000000
     0.000000000000000000
     0.000000000000000000
     0.000000000000000000
     0.000000000000000000
    -0.000174213155374457
     0.000035807644569633
     0.000035807644569633
     0.000000000000000000
     0.000035807644569633
    -0.000002336461440216
    -0.000007161528913927
     0.000000000000000000
     0.000035807644569633
    -0.000007161528913927
    -0.000002336461440216
     0.002223002780088185
    -0.006216143378337943
    -0.018648430135013824
     0.006216143378337939
     0.006216143378337943
     0.002219287759762933
    -0.024410386024330110
     0.008136795341443372
     0.018648430135013824
    -0.024410386024330110
    -0.062875074971784031
     0.024410386024330107
    -0.006216143378337939
     0.008136795341443372
     0.024410386024330107
     0.002219287759762940
     0.208133247148469536
    -0.228310823577526328
     0.228310823577526245
     0.228310823577526190
     0.228310823577526328
     0.039643649807533592
     0.200537877269686748
     0.200537877269686721
    -0.228310823577526245
     0.200537877269686748
     0.039643649807533710
    -0.200537877269686693
    -0.228310823577526190
     0.200537877269686721
    -0.200537877269686693
     0.039643649807533765
     0.000000000000000000
     0.000000000000000000
     0.000000000000000000
     0.000000000000000000
     0.000000000000000000
    -0.000002336461440216
     0.000035807644569633
     0.000007161528913927
     0.000000000000000000
     0.000035807644569633
    -0.000174213155374456
    -0.000035807644569633
     0.000000000000000000
     0.000007161528913927
    -0.000035807644569633
    -0.000002336461440216
     0.000000410434164100
     0.000290566905638958
    -0.000290566905638958
     0.000096855635212986
    -0.000290566905638958
    -0.002743545724296765
     0.003137883496916059
    -0.001045961165638686
     0.000290566905638958
     0.003137883496916059
    -0.002743545724296765
     0.001045961165638686
    -0.000096855635212986
    -0.001045961165638686
     0.001045961165638686
     0.000045684050739733
     0.002223002780088185
     0.018648430135013820
     0.006216143378337941
     0.006216143378337939
    -0.018648430135013820
    -0.062875074971784031
    -0.024410386024330107
    -0.024410386024330107
    -0.006216143378337941
    -0.024410386024330107
     0.002219287759762937
    -0.008136795341443367
    -0.006216143378337939
    -0.024410386024330107
    -0.008136795341443367
     0.002219287759762933
     0.000000000000000000
     0.000000000000000000
     0.000000000000000000
     0.000000000000000000
     0.000000000000000000
    -0.000002336461440216
     0.000007161528913927
     0.000035807644569633
     0.000000000000000000
     0.000007161528913927
    -0.000002336461440216
    -0.000035807644569633
     0.000000000000000000
     0.000035807644569633
    -0.000035807644569633
    -0.000174213155374457
     0.000000000000000000
    -0.000004610656645260
    -0.000002305328322630
    -0.000002305328322630
     0.000004610656645260
    -0.000571328234459166
    -0.000302320193671961
    -0.000302320193671961
     0.000002305328322630
    -0.000302320193671961
    -0.000117847943951225
    -0.000151160096835980
     0.000002305328322630
    -0.000302320193671961
    -0.000151160096835980
    -0.000117847943951226
     0.000000000000000000
    -0.000004610656645260
     0.000002305328322630
    -0.000002305328322630
     0.000004610656645260
    -0.000571328234459166
     0.000302320193671961
    -0.000302320193671961
    -0.000002305328322630
     0.000302320193671961
    -0.000117847943951225
     0.000151160096835980
     0.000002305328322630
    -0.000302320193671961
     0.000151160096835980
    -0.000117847943951226
     0.013460430123741087
     0.000000000000000006
    -0.048493452175181737
    -0.048493452175181750
    -0.000000000000000006
     0.033475832263264199
     0.000000000000000013
     0.000000000000000013
     0.048493452175181737
     0.000000000000000013
    -0.070741642593932813
    -0.104217474857197012
     0.048493452175181750
     0.000000000000000013
    -0.104217474857197026
    -0.070741642593932841
     0.013460430123741070
     0.000000000000000006
     0.048493452175181702
    -0.048493452175181695
    -0.000000000000000006
     0.033475832263264171
    -0.000000000000000013
     0.000000000000000013
    -0.048493452175181702
    -0.000000000000000013
    -0.070741642593932813
     0.104217474857196957
     0.048493452175181695
     0.000000000000000013
     0.104217474857196943
    -0.070741642593932758
     0.000000000000000000
     0.000004610656645260
    -0.000002305328322630
    -0.000002305328322630
    -0.000004610656645260
    -0.000571328234459165
     0.000302320193671960
     0.000302320193671960
     0.000002305328322630
     0.000302320193671960
    -0.000117847943951225
    -0.000151160096835980
     0.000002305328322630
     0.000302320193671960
    -0.000151160096835980
    -0.000117847943951225
     0.000000000000000000
     0.000004610656645260
     0.000002305328322630
    -0.000002305328322630
    -0.000004610656645260
    -0.000571328234459165
    -0.000302320193671960
     0.000302320193671960
    -0.000002305328322630
    -0.000302320193671960
    -0.000117847943951225
     0.000151160096835980
     0.000002305328322630
     0.000302320193671960
     0.000151160096835980
    -0.000117847943951225
     0.000000000000000000
    -0.000004610656645260
    -0.000002305328322630
     0.000002305328322630
     0.000004610656645260
    -0.000571328234459166
    -0.000302320193671961
     0.000302320193671961
     0.000002305328322630
    -0.000302320193671961
    -0.000117847943951225
     0.000151160096835980
    -0.000002305328322630
     0.000302320193671961
     0.000151160096835980
    -0.000117847943951225
     0.000000000000000000
    -0.000004610656645260
     0.000002305328322630
     0.000002305328322630
     0.000004610656645260
    -0.000571328234459166
     0.000302320193671961
     0.000302320193671960
    -0.000002305328322630
     0.000302320193671961
    -0.000117847943951225
    -0.000151160096835980
    -0.000002305328322630
     0.000302320193671960
    -0.000151160096835980
    -0.000117847943951225
     0.013460430123741101
     0.000000000000000000
    -0.048493452175181764
     0.048493452175181778
     0.000000000000000000
     0.033475832263264220
     0.000000000000000000
     0.000000000000000000
     0.048493452175181764
     0.000000000000000000
    -0.070741642593932827
     0.104217474857197054
    -0.048493452175181778
     0.000000000000000000
     0.104217474857197054
    -0.070741642593932869
     0.013460430123741087
     0.000000000000000000
     0.048493452175181750
     0.048493452175181730
     0.000000000000000000
     0.033475832263264171
     0.000000000000000000
     0.000000000000000000
    -0.048493452175181750
     0.000000000000000000
    -0.070741642593932855
    -0.104217474857196984
    -0.048493452175181730
     0.000000000000000000
    -0.104217474857196984
    -0.070741642593932758
     0.000000000000000000
     0.000004610656645260
    -0.000002305328322630
     0.000002305328322630
    -0.000004610656645260
    -0.000571328234459165
     0.000302320193671960
    -0.000302320193671960
     0.000002305328322630
     0.000302320193671960
    -0.000117847943951225
     0.000151160096835980
    -0.000002305328322630
    -0.000302320193671960
     0.000151160096835980
    -0.000117847943951225
     0.000000000000000000
     0.000004610656645260
     0.000002305328322630
     0.000002305328322630
    -0.000004610656645260
    -0.000571328234459165
    -0.000302320193671960
    -0.000302320193671960
    -0.000002305328322630
    -0.000302320193671960
    -0.000117847943951225
    -0.000151160096835980
    -0.000002305328322630
    -0.000302320193671960
    -0.000151160096835980
    -0.000117847943951225
